3
12
21
30
102
111
120
201
210
300
100000002
100000011
100000020
100000101
100000110
100000200
200000001
200000010
200000100
10000002
10000011
10000020
10000101
10000110
10000200
20000001
20000010
20000100
1000002
1000011
1000020
1000101
1000110
1000200
2000001
2000010
2000100
100002
100011
100020
100101
100110
100200
200001
200010
200100
10002
10011
10020
10101
10110
10200
20001
20010
20100
1002
1011
1020
1101
1110
1200
2001
2010
2100
3000
100001001
100001010
100002000
200001000
10001001
10001010
10002000
20001000
1001001
1001010
1002000
2001000
101001
101010
102000
201000
11001
11010
12000
21000
30000
100010001
100010010
100020000
200010000
10010001
10010010
10020000
20010000
1010001
1010010
1020000
2010000
110001
110010
120000
210000
300000
100100001
100100010
100200000
200100000
10100001
10100010
10200000
20100000
1100001
1100010
1200000
2100000
3000000
101000001
101000010
102000000
201000000
11000001
11000010
12000000
21000000
30000000
110000001
110000010
120000000
210000000
300000000
100001100
10001100
1001100
101100
11100
100010100
100011000
10010100
10011000
1010100
1011000
110100
111000
100101000
100110000
10101000
10110000
1101000
1110000
101010000
101100000
11010000
11100000
1100100
110100000
111000000
11001000
10100100
11000100
110010000
101001000
110001000
101000100
110000100
100100100
33
123
132
213
222
231
303
312
321
330
1023
1032
1113
1122
1131
1203
1212
1221
1230
1302
1311
1320
2013
2022
2031
2103
2112
2121
2130
2202
2211
2220
2301
2310
3003
3012
3021
3030
3102
3111
3120
3201
3210
3300
100000023
100000032
100000113
100000122
100000131
100000203
100000212
100000221
100000230
100000302
100000311
100000320
100001013
100001022
100001031
100001103
100001112
100001121
100001130
100001202
100001211
100001220
100001301
100001310
100002003
100002012
100002021
100002030
100002102
100002111
100002120
100002201
100002210
100002300
100003002
100003011
100003020
100003101
100003110
100003200
200000013
200000022
200000031
200000103
200000112
200000121
200000130
200000202
200000211
200000220
200000301
200000310
200001003
200001012
200001021
200001030
200001102
200001111
200001120
200001201
200001210
200001300
200002002
200002011
200002020
200002101
200002110
200002200
200003001
200003010
200003100
10000023
10000032
10000113
10000122
10000131
10000203
10000212
10000221
10000230
10000302
10000311
10000320
10001013
10001022
10001031
10001103
10001112
10001121
10001130
10001202
10001211
10001220
10001301
10001310
10002003
10002012
10002021
10002030
10002102
10002111
10002120
10002201
10002210
10002300
10003002
10003011
10003020
10003101
10003110
10003200
20000013
20000022
20000031
20000103
20000112
20000121
20000130
20000202
20000211
20000220
20000301
20000310
20001003
20001012
20001021
20001030
20001102
20001111
20001120
20001201
20001210
20001300
20002002
20002011
20002020
20002101
20002110
20002200
20003001
20003010
20003100
1000023
1000032
1000113
1000122
1000131
1000203
1000212
1000221
1000230
1000302
1000311
1000320
1001013
1001022
1001031
1001103
1001112
1001121
1001130
1001202
1001211
1001220
1001301
1001310
1002003
1002012
1002021
1002030
1002102
1002111
1002120
1002201
1002210
1002300
1003002
1003011
1003020
1003101
1003110
1003200
2000013
2000022
2000031
2000103
2000112
2000121
2000130
2000202
2000211
2000220
2000301
2000310
2001003
2001012
2001021
2001030
2001102
2001111
2001120
2001201
2001210
2001300
2002002
2002011
2002020
2002101
2002110
2002200
2003001
2003010
2003100
100023
100032
100113
100122
100131
100203
100212
100221
100230
100302
100311
100320
101013
101022
101031
101103
101112
101121
101130
101202
101211
101220
101301
101310
102003
102012
102021
102030
102102
102111
102120
102201
102210
102300
103002
103011
103020
103101
103110
103200
200013
200022
200031
200103
200112
200121
200130
200202
200211
200220
200301
200310
201003
201012
201021
201030
201102
201111
201120
201201
201210
201300
202002
202011
202020
202101
202110
202200
203001
203010
203100
10023
10032
10113
10122
10131
10203
10212
10221
10230
10302
10311
10320
11013
11022
11031
11103
11112
11121
11130
11202
11211
11220
11301
11310
12003
12012
12021
12030
12102
12111
12120
12201
12210
12300
13002
13011
13020
13101
13110
13200
20013
20022
20031
20103
20112
20121
20130
20202
20211
20220
20301
20310
21003
21012
21021
21030
21102
21111
21120
21201
21210
21300
22002
22011
22020
22101
22110
22200
23001
23010
23100
4002
4011
4020
4101
4110
4200
402
411
420
1401
1410
2400
42
141
240
1041
1140
2040
24
114
204
1014
1104
2004
30003
30012
30021
30030
30102
30111
30120
30201
30210
30300
100010013
100010022
100010031
100010103
100010112
100010121
100010130
100010202
100010211
100010220
100010301
100010310
100020003
100020012
100020021
100020030
100020102
100020111
100020120
100020201
100020210
100020300
100030002
100030011
100030020
100030101
100030110
100030200
200010003
200010012
200010021
200010030
200010102
200010111
200010120
200010201
200010210
200010300
200020002
200020011
200020020
200020101
200020110
200020200
200030001
200030010
200030100
10010013
10010022
10010031
10010103
10010112
10010121
10010130
10010202
10010211
10010220
10010301
10010310
10020003
10020012
10020021
10020030
10020102
10020111
10020120
10020201
10020210
10020300
10030002
10030011
10030020
10030101
10030110
10030200
20010003
20010012
20010021
20010030
20010102
20010111
20010120
20010201
20010210
20010300
20020002
20020011
20020020
20020101
20020110
20020200
20030001
20030010
20030100
1010013
1010022
1010031
1010103
1010112
1010121
1010130
1010202
1010211
1010220
1010301
1010310
1020003
1020012
1020021
1020030
1020102
1020111
1020120
1020201
1020210
1020300
1030002
1030011
1030020
1030101
1030110
1030200
2010003
2010012
2010021
2010030
2010102
2010111
2010120
2010201
2010210
2010300
2020002
2020011
2020020
2020101
2020110
2020200
2030001
2030010
2030100
110013
110022
110031
110103
110112
110121
110130
110202
110211
110220
110301
110310
120003
120012
120021
120030
120102
120111
120120
120201
120210
120300
130002
130011
130020
130101
130110
130200
210003
210012
210021
210030
210102
210111
210120
210201
210210
210300
220002
220011
220020
220101
220110
220200
230001
230010
230100
40002
40011
40020
40101
40110
40200
31002
31011
31020
31101
31110
31200
32001
32010
32100
10401
10410
20400
10041
10140
20040
10014
10104
20004
300003
300012
300021
300030
300102
300111
300120
300201
300210
300300
100100013
100100022
100100031
100100103
100100112
100100121
100100130
100100202
100100211
100100220
100100301
100100310
100200003
100200012
100200021
100200030
100200102
100200111
100200120
100200201
100200210
100200300
100300002
100300011
100300020
100300101
100300110
100300200
200100003
200100012
200100021
200100030
200100102
200100111
200100120
200100201
200100210
200100300
200200002
200200011
200200020
200200101
200200110
200200200
200300001
200300010
200300100
10100013
10100022
10100031
10100103
10100112
10100121
10100130
10100202
10100211
10100220
10100301
10100310
10200003
10200012
10200021
10200030
10200102
10200111
10200120
10200201
10200210
10200300
10300002
10300011
10300020
10300101
10300110
10300200
20100003
20100012
20100021
20100030
20100102
20100111
20100120
20100201
20100210
20100300
20200002
20200011
20200020
20200101
20200110
20200200
20300001
20300010
20300100
1100013
1100022
1100031
1100103
1100112
1100121
1100130
1100202
1100211
1100220
1100301
1100310
1200003
1200012
1200021
1200030
1200102
1200111
1200120
1200201
1200210
1200300
1300002
1300011
1300020
1300101
1300110
1300200
2100003
2100012
2100021
2100030
2100102
2100111
2100120
2100201
2100210
2100300
2200002
2200011
2200020
2200101
2200110
2200200
2300001
2300010
2300100
400002
400011
400020
400101
400110
400200
310002
310011
310020
310101
310110
310200
320001
320010
320100
301002
301011
301020
301101
301110
301200
302001
302010
302100
100401
100410
200400
100041
100140
200040
100014
100104
200004
3000003
3000012
3000021
3000030
3000102
3000111
3000120
3000201
3000210
3000300
101000013
101000022
101000031
101000103
101000112
101000121
101000130
101000202
101000211
101000220
101000301
101000310
102000003
102000012
102000021
102000030
102000102
102000111
102000120
102000201
102000210
102000300
103000002
103000011
103000020
103000101
103000110
103000200
201000003
201000012
201000021
201000030
201000102
201000111
201000120
201000201
201000210
201000300
202000002
202000011
202000020
202000101
202000110
202000200
203000001
203000010
203000100
11000013
11000022
11000031
11000103
11000112
11000121
11000130
11000202
11000211
11000220
11000301
11000310
12000003
12000012
12000021
12000030
12000102
12000111
12000120
12000201
12000210
12000300
13000002
13000011
13000020
13000101
13000110
13000200
21000003
21000012
21000021
21000030
21000102
21000111
21000120
21000201
21000210
21000300
22000002
22000011
22000020
22000101
22000110
22000200
23000001
23000010
23000100
4000002
4000011
4000020
4000101
4000110
4000200
3100002
3100011
3100020
3100101
3100110
3100200
3200001
3200010
3200100
3010002
3010011
3010020
3010101
3010110
3010200
3020001
3020010
3020100
3001002
3001011
3001020
3001101
3001110
3001200
3002001
3002010
3002100
1000401
1000410
2000400
1000041
1000140
2000040
1000014
1000104
2000004
30000003
30000012
30000021
30000030
30000102
30000111
30000120
30000201
30000210
30000300
110000013
110000022
110000031
110000103
110000112
110000121
110000130
110000202
110000211
110000220
110000301
110000310
120000003
120000012
120000021
120000030
120000102
120000111
120000120
120000201
120000210
120000300
130000002
130000011
130000020
130000101
130000110
130000200
210000003
210000012
210000021
210000030
210000102
210000111
210000120
210000201
210000210
210000300
220000002
220000011
220000020
220000101
220000110
220000200
230000001
230000010
230000100
40000002
40000011
40000020
40000101
40000110
40000200
31000002
31000011
31000020
31000101
31000110
31000200
32000001
32000010
32000100
30100002
30100011
30100020
30100101
30100110
30100200
30200001
30200010
30200100
30010002
30010011
30010020
30010101
30010110
30010200
30020001
30020010
30020100
30001002
30001011
30001020
30001101
30001110
30001200
30002001
30002010
30002100
10000401
10000410
20000400
10000041
10000140
20000040
10000014
10000104
20000004
300000003
300000012
300000021
300000030
300000102
300000111
300000120
300000201
300000210
300000300
400000002
400000011
400000020
400000101
400000110
400000200
310000002
310000011
310000020
310000101
310000110
310000200
320000001
320000010
320000100
301000002
301000011
301000020
301000101
301000110
301000200
302000001
302000010
302000100
300100002
300100011
300100020
300100101
300100110
300100200
300200001
300200010
300200100
300010002
300010011
300010020
300010101
300010110
300010200
300020001
300020010
300020100
300001002
300001011
300001020
300001101
300001110
300001200
300002001
300002010
300002100
100000401
100000410
200000400
100000041
100000140
200000040
100000014
100000104
200000004
100001040
100001400
10001040
10001400
1001040
1001400
101040
101400
11040
11400
100010400
100011003
100011012
100011021
100011030
100011102
100011111
100011120
100011201
100011210
100011300
200011002
200011011
200011020
200011101
200011110
200011200
10010400
10011003
10011012
10011021
10011030
10011102
10011111
10011120
10011201
10011210
10011300
20011002
20011011
20011020
20011101
20011110
20011200
1010400
1011003
1011012
1011021
1011030
1011102
1011111
1011120
1011201
1011210
1011300
2011002
2011011
2011020
2011101
2011110
2011200
110400
111003
111012
111021
111030
111102
111111
111120
111201
111210
111300
211002
211011
211020
211101
211110
211200
11004
100101003
100101012
100101021
100101030
100101102
100101111
100101120
100101201
100101210
100101300
100110003
100110012
100110021
100110030
100110102
100110111
100110120
100110201
100110210
100110300
100111002
100111011
100111020
100111101
100111110
100111200
200101002
200101011
200101020
200101101
200101110
200101200
200110002
200110011
200110020
200110101
200110110
200110200
200111001
200111010
200111100
10101003
10101012
10101021
10101030
10101102
10101111
10101120
10101201
10101210
10101300
10110003
10110012
10110021
10110030
10110102
10110111
10110120
10110201
10110210
10110300
10111002
10111011
10111020
10111101
10111110
10111200
20101002
20101011
20101020
20101101
20101110
20101200
20110002
20110011
20110020
20110101
20110110
20110200
20111001
20111010
20111100
1101003
1101012
1101021
1101030
1101102
1101111
1101120
1101201
1101210
1101300
1110003
1110012
1110021
1110030
1110102
1110111
1110120
1110201
1110210
1110300
1111002
1111011
1111020
1111101
1111110
1111200
2101002
2101011
2101020
2101101
2101110
2101200
2110002
2110011
2110020
2110101
2110110
2110200
2111001
2111010
2111100
311001
311010
311100
121002
121011
121020
121101
121110
121200
131001
131010
131100
112002
112011
112020
112101
112110
112200
113001
113010
113100
110040
101004
110004
101010003
101010012
101010021
101010030
101010102
101010111
101010120
101010201
101010210
101010300
101100003
101100012
101100021
101100030
101100102
101100111
101100120
101100201
101100210
101100300
101110002
101110011
101110020
101110101
101110110
101110200
201010002
201010011
201010020
201010101
201010110
201010200
201100002
201100011
201100020
201100101
201100110
201100200
201110001
201110010
201110100
11010003
11010012
11010021
11010030
11010102
11010111
11010120
11010201
11010210
11010300
11100003
11100012
11100021
11100030
11100102
11100111
11100120
11100201
11100210
11100300
11110002
11110011
11110020
11110101
11110110
11110200
21010002
21010011
21010020
21010101
21010110
21010200
21100002
21100011
21100020
21100101
21100110
21100200
21110001
21110010
21110100
3110001
3110010
3110100
1210002
1210011
1210020
1210101
1210110
1210200
1310001
1310010
1310100
1120002
1120011
1120020
1120101
1120110
1120200
1130001
1130010
1130100
1012002
1012011
1012020
1012101
1012110
1012200
1102002
1102011
1102020
1102101
1102110
1102200
1112001
1112010
1112100
1100400
1010040
1100040
1010004
1100004
110100003
110100012
110100021
110100030
110100102
110100111
110100120
110100201
110100210
110100300
111000003
111000012
111000021
111000030
111000102
111000111
111000120
111000201
111000210
111000300
111100002
111100011
111100020
111100101
111100110
111100200
210100002
210100011
210100020
210100101
210100110
210100200
211000002
211000011
211000020
211000101
211000110
211000200
211100001
211100010
211100100
31100001
31100010
31100100
12100002
12100011
12100020
12100101
12100110
12100200
13100001
13100010
13100100
11200002
11200011
11200020
11200101
11200110
11200200
11300001
11300010
11300100
10120002
10120011
10120020
10120101
10120110
10120200
11020002
11020011
11020020
11020101
11020110
11020200
11120001
11120010
11120100
10102002
10102011
10102020
10102101
10102110
10102200
11001003
11001012
11001021
11001030
11001102
11001111
11001120
11001201
11001210
11001300
11002002
11002011
11002020
11002101
11002110
11002200
11101002
11101011
11101020
11101101
11101110
11101200
11102001
11102010
11102100
10100400
11000400
10100040
11000040
10100004
11000004
311000001
311000010
311000100
121000002
121000011
121000020
121000101
121000110
121000200
131000001
131000010
131000100
112000002
112000011
112000020
112000101
112000110
112000200
113000001
113000010
113000100
101200002
101200011
101200020
101200101
101200110
101200200
110200002
110200011
110200020
110200101
110200110
110200200
111200001
111200010
111200100
101020002
101020011
101020020
101020101
101020110
101020200
110010003
110010012
110010021
110010030
110010102
110010111
110010120
110010201
110010210
110010300
110020002
110020011
110020020
110020101
110020110
110020200
111010002
111010011
111010020
111010101
111010110
111010200
111020001
111020010
111020100
101001003
101001012
101001021
101001030
101001102
101001111
101001120
101001201
101001210
101001300
101002002
101002011
101002020
101002101
101002110
101002200
110001003
110001012
110001021
110001030
110001102
110001111
110001120
110001201
110001210
110001300
110002002
110002011
110002020
110002101
110002110
110002200
111001002
111001011
111001020
111001101
111001110
111001200
111002001
111002010
111002100
101000400
110000400
101000040
110000040
101000004
110000004
33000
100012002
100012011
100012020
100013001
100013010
100021002
100021011
100021020
100022001
100022010
100023000
100031001
100031010
100032000
200012001
200012010
200013000
200021001
200021010
200022000
200031000
10012002
10012011
10012020
10013001
10013010
10021002
10021011
10021020
10022001
10022010
10023000
10031001
10031010
10032000
20012001
20012010
20013000
20021001
20021010
20022000
20031000
1013001
1013010
1021002
1021011
1021020
1022001
1022010
1023000
1031001
1031010
1032000
2012001
2012010
2013000
2021001
2021010
2022000
2031000
122001
122010
123000
132000
212001
212010
213000
221001
221010
222000
231000
41001
41010
42000
14001
14010
24000
303000
100102002
100102011
100102020
100103001
100103010
100201002
100201011
100201020
100202001
100202010
100203000
100301001
100301010
100302000
200102001
200102010
200103000
200201001
200201010
200202000
200301000
10103001
10103010
10201002
10201011
10201020
10202001
10202010
10203000
10301001
10301010
10302000
20102001
20102010
20103000
20201001
20201010
20202000
20301000
1103001
1103010
1201002
1201011
1201020
1202001
1202010
1203000
1301001
1301010
1302000
2102001
2102010
2103000
2201001
2201010
2202000
2301000
401001
401010
402000
312000
321000
104001
104010
204000
3003000
101003001
101003010
102001002
102001011
102001020
102002001
102002010
102003000
103001001
103001010
103002000
201001002
201001011
201001020
201002001
201002010
201003000
202001001
202001010
202002000
203001000
11003001
11003010
12001002
12001011
12001020
12002001
12002010
12003000
13001001
13001010
13002000
21001002
21001011
21001020
21002001
21002010
21003000
22001001
22001010
22002000
23001000
4001001
4001010
4002000
3101001
3101010
3102000
3201000
3011001
3011010
3012000
3021000
1004001
1004010
2004000
1001004
30003000
110003001
110003010
120001002
120001011
120001020
120002001
120002010
120003000
130001001
130001010
130002000
210001002
210001011
210001020
210002001
210002010
210003000
220001001
220001010
220002000
230001000
40001001
40001010
40002000
31001001
31001010
31002000
32001000
30101001
30101010
30102000
30201000
30011001
30011010
30012000
30021000
10004001
10004010
20004000
10001004
300003000
400001001
400001010
400002000
310001001
310001010
310002000
320001000
301001001
301001010
301002000
302001000
300101001
300101010
300102000
300201000
300011001
300011010
300012000
300021000
100004001
100004010
200004000
100001004
100004100
10004100
1004100
104100
14100
100012101
100012110
100013100
100014000
200012100
10012101
10012110
10013100
10014000
20012100
1013100
1014000
2012100
114000
212100
100104000
100112001
100112010
100113000
200112000
10104000
10112001
10112010
10113000
20112000
1104000
1113000
2112000
101011002
101011011
101011020
101012001
101012010
101013000
101101002
101101011
101101020
101102001
101102010
101103000
101111001
101111010
101112000
201011001
201011010
201012000
201101001
201101010
201102000
201111000
11011002
11011011
11011020
11012001
11012010
11013000
11103000
11111001
11111010
11112000
21011001
21011010
21012000
21101001
21101010
21102000
21111000
3111000
1211001
1211010
1212000
1311000
1121001
1121010
1122000
1131000
1103100
110101002
110101011
110101020
110102001
110102010
110103000
111003000
111101001
111101010
111102000
210101001
210101010
210102000
211001001
211001010
211002000
211101000
31101000
12101001
12101010
12102000
13101000
11201001
11201010
11202000
11301000
10121001
10121010
10122000
11021001
11021010
11022000
11121000
11004000
10103100
11003100
311001000
121001001
121001010
121002000
131001000
112001001
112001010
112002000
113001000
101201001
101201010
101202000
110201001
110201010
110202000
111201000
101021001
101021010
101022000
110011002
110011011
110011020
110012001
110012010
110013000
110021001
110021010
110022000
111011001
111011010
111012000
111021000
101004000
110004000
101003100
110003100
330000
100120002
100120011
100120020
100130001
100130010
100210002
100210011
100210020
100220001
100220010
100230000
100310001
100310010
100320000
200120001
200120010
200130000
200210001
200210010
200220000
200310000
10130001
10130010
10210002
10210011
10210020
10220001
10220010
10230000
10310001
10310010
10320000
20120001
20120010
20130000
20210001
20210010
20220000
20310000
1220001
1220010
1230000
1320000
2120001
2120010
2130000
2210001
2210010
2220000
2310000
410001
410010
420000
140001
140010
240000
3030000
101030001
101030010
102010002
102010011
102010020
102020001
102020010
102030000
103010001
103010010
103020000
201020001
201020010
201030000
202010001
202010010
202020000
203010000
11030001
11030010
12010002
12010011
12010020
12020001
12020010
12030000
13010001
13010010
13020000
21020001
21020010
21030000
22010001
22010010
22020000
23010000
4010001
4010010
4020000
3120000
3210000
1040001
1040010
2040000
30030000
110030001
110030010
120010002
120010011
120010020
120020001
120020010
120030000
130010001
130010010
130020000
210010002
210010011
210010020
210020001
210020010
210030000
220010001
220010010
220020000
230010000
40010001
40010010
40020000
31010001
31010010
31020000
32010000
30110001
30110010
30120000
30210000
10040001
10040010
20040000
10010040
10010004
300030000
400010001
400010010
400020000
310010001
310010010
310020000
320010000
301010001
301010010
301020000
302010000
300110001
300110010
300120000
300210000
100040001
100040010
200040000
100010040
100010004
100021101
100021110
100031100
200021100
10021101
10021110
10031100
20021100
1021101
1021110
1031100
2021100
221100
41100
100040100
100041000
10040100
10041000
1040100
1041000
140100
141000
100121001
100121010
100131000
100140000
200121000
10131000
10140000
20121000
1140000
2121000
101040000
101120001
101120010
101130000
201120000
11040000
11130000
21120000
110110002
110110011
110110020
110120001
110120010
110130000
111030000
111110001
111110010
111120000
210110001
210110010
210120000
211010001
211010010
211020000
211110000
31110000
12110001
12110010
12120000
13110000
11210001
11210010
11220000
11310000
11031000
10130100
11030100
311010000
121010001
121010010
121020000
131010000
112010001
112010010
112020000
113010000
101210001
101210010
101220000
110210001
110210010
110220000
111210000
110040000
101031000
110031000
101030100
110030100
3300000
101300001
101300010
102100002
102100011
102100020
102200001
102200010
102300000
103100001
103100010
103200000
201200001
201200010
201300000
202100001
202100010
202200000
203100000
12200001
12200010
12300000
13200000
21200001
21200010
21300000
22100001
22100010
22200000
23100000
4100001
4100010
4200000
1400001
1400010
2400000
30300000
110300001
110300010
120100002
120100011
120100020
120200001
120200010
120300000
130100001
130100010
130200000
210200001
210200010
210300000
220100001
220100010
220200000
230100000
40100001
40100010
40200000
31200000
32100000
10400001
10400010
20400000
300300000
400100001
400100010
400200000
310100001
310100010
310200000
320100000
301100001
301100010
301200000
302100000
100400001
100400010
200400000
100100040
100100004
100201101
100201110
100301100
200201100
10201101
10201110
10301100
20201100
1201101
1201110
1301100
2201100
401100
100210101
100210110
100211001
100211010
100211100
100310100
100311000
200210100
200211000
10210101
10210110
10211001
10211010
10211100
10310100
10311000
20210100
20211000
1211100
2210100
2211000
410100
411000
100401000
100410000
10401000
10410000
1401000
1410000
101310000
101400000
201210000
11400000
21210000
1400100
110400000
111300000
211200000
10400100
311100000
121100001
121100010
121200000
131100000
112100001
112100010
112200000
113100000
110310000
101301000
110301000
101300100
110300100
33000000
122000001
122000010
123000000
132000000
212000001
212000010
213000000
221000001
221000010
222000000
231000000
41000001
41000010
42000000
14000001
14000010
24000000
303000000
401000001
401000010
402000000
312000000
321000000
104000001
104000010
204000000
102001101
102001110
103001100
201001101
201001110
202001100
12001101
12001110
13001100
21001101
21001110
22001100
4001100
3101100
3011100
101011101
101011110
102010101
102010110
102011001
102011010
102011100
103010100
103011000
201011100
202010100
202011000
11011101
11011110
12010101
12010110
12011001
12011010
12011100
13010100
13011000
21011100
22010100
22011000
4010100
4011000
102101001
102101010
102110001
102110010
102111000
103101000
103110000
202101000
202110000
12111000
22101000
22110000
4101000
4110000
104010000
104100000
14010000
14100000
4100100
114000000
212100000
14001000
14000100
104001000
104000100
330000000
410000001
410000010
420000000
140000001
140000010
240000000
120001101
120001110
130001100
210001101
210001110
220001100
40001100
31001100
30101100
30011100
110011101
110011110
120010101
120010110
120011001
120011010
120011100
130010100
130011000
210010101
210010110
210011001
210011010
210011100
220010100
220011000
40010100
40011000
31010100
31011000
30110100
30111000
110111001
110111010
120101001
120101010
120110001
120110010
120111000
130101000
130110000
210111000
220101000
220110000
40101000
40110000
121110000
221010000
221100000
41010000
41100000
140100000
141000000
41001000
40100100
41000100
140010000
140001000
140000100
400001100
310001100
301001100
300101100
300011100
400010100
400011000
310010100
310011000
301010100
301011000
300110100
300111000
400101000
400110000
310101000
310110000
301101000
301110000
401010000
401100000
301100100
410100000
411000000
310100100
410010000
401001000
410001000
401000100
410000100
100012200
10012200
100102101
100102110
100112100
200102100
10112100
20102100
2102100
122100
101101101
101101110
101111100
201101100
11111100
21101100
1121100
110101101
110101110
111101100
210101100
211001100
12101100
11201100
10121100
11021100
121001100
112001100
101201100
110201100
101021100
110021100
111011100
100022100
100120101
100120110
100121100
100122000
200120100
10022100
20120100
1022100
2120100
101120100
101121000
201020100
201021000
21020100
21021000
1220100
1221000
1021200
110110101
110110110
110111100
111110100
111111000
210110100
211010100
211011000
12110100
11210100
11211000
11012100
11011200
121010100
121011000
112010100
112011000
101210100
101211000
110210100
110211000
101012100
110012100
101011200
110011200
100021200
10021200
100221000
201201000
10221000
21201000
1201200
210201000
210210000
12201000
12210000
10212000
10201200
10210200
121101000
112101000
112110000
110121000
110112000
101101200
110101200
110110200
100212000
102210000
212010000
12012000
12010200
12200100
122010000
122100000
102120000
102012000
102102000
102010200
102100101
102100110
102100200
102110100
112100100
120120000
120102000
122001000
22100100
120100101
120100110
120100200
121100100
122000100
21200100
212001000
221001000
212000100
221000100
100102200
100103100
100201200
100202100
10202100
1202100
102001200
102002100
201001200
201002100
12001200
12002100
21001200
21002100
120001200
120002100
210001200
210002100
101102100
110102100
100120200
100130100
100210200
100220100
10220100
102020100
12020100
120010200
120020100
210010200
210020100
110120100
102200100
103100100
201200100
202100100
120200100
130100100
210200100
220100100
400100100
100400100
100100400
102101100
120101100
120110100
102021000
12021000
120012000
120021000
210012000
210021000
102201000
120201000
120210000