1
10
100000000
10000000
1000000
100000
10000
1000
100
13
22
31
103
112
121
130
202
211
220
301
310
100000003
100000012
100000021
100000030
100000102
100000111
100000120
100000201
100000210
100000300
200000002
200000011
200000020
200000101
200000110
200000200
10000003
10000012
10000021
10000030
10000102
10000111
10000120
10000201
10000210
10000300
20000002
20000011
20000020
20000101
20000110
20000200
1000003
1000012
1000021
1000030
1000102
1000111
1000120
1000201
1000210
1000300
2000002
2000011
2000020
2000101
2000110
2000200
100003
100012
100021
100030
100102
100111
100120
100201
100210
100300
200002
200011
200020
200101
200110
200200
10003
10012
10021
10030
10102
10111
10120
10201
10210
10300
20002
20011
20020
20101
20110
20200
1003
1012
1021
1030
1102
1111
1120
1201
1210
1300
2002
2011
2020
2101
2110
2200
400
40
4
3001
3010
100001002
100001011
100001020
100002001
100002010
100003000
200001001
200001010
200002000
10001002
10001011
10001020
10002001
10002010
10003000
20001001
20001010
20002000
1001002
1001011
1001020
1002001
1002010
1003000
2001001
2001010
2002000
101002
101011
101020
102001
102010
103000
201001
201010
202000
11002
11011
11020
12001
12010
13000
21001
21010
22000
4000
3100
30001
30010
100010002
100010011
100010020
100020001
100020010
100030000
200010001
200010010
200020000
10010002
10010011
10010020
10020001
10020010
10030000
20010001
20010010
20020000
1010002
1010011
1010020
1020001
1020010
1030000
2010001
2010010
2020000
110002
110011
110020
120001
120010
130000
210001
210010
220000
40000
31000
30100
300001
300010
100100002
100100011
100100020
100200001
100200010
100300000
200100001
200100010
200200000
10100002
10100011
10100020
10200001
10200010
10300000
20100001
20100010
20200000
1100002
1100011
1100020
1200001
1200010
1300000
2100001
2100010
2200000
400000
310000
301000
300100
3000001
3000010
101000002
101000011
101000020
102000001
102000010
103000000
201000001
201000010
202000000
11000002
11000011
11000020
12000001
12000010
13000000
21000001
21000010
22000000
4000000
3100000
3010000
3001000
3000100
30000001
30000010
110000002
110000011
110000020
120000001
120000010
130000000
210000001
210000010
220000000
40000000
31000000
30100000
30010000
30001000
30000100
300000001
300000010
400000000
310000000
301000000
300100000
300010000
300001000
300000100
100001101
100001110
200001100
10001101
10001110
20001100
1001101
1001110
2001100
101101
101110
201100
11101
11110
21100
100010101
100010110
100011001
100011010
100011100
200010100
200011000
10010101
10010110
10011001
10011010
10011100
20010100
20011000
1010101
1010110
1011001
1011010
1011100
2010100
2011000
110101
110110
111001
111010
111100
210100
211000
12100
11200
100101001
100101010
100110001
100110010
100111000
200101000
200110000
10101001
10101010
10110001
10110010
10111000
20101000
20110000
1101001
1101010
1110001
1110010
1111000
2101000
2110000
121000
112000
101200
110200
101010001
101010010
101100001
101100010
101110000
201010000
201100000
11010001
11010010
11100001
11100010
11110000
21010000
21100000
1210000
1120000
1012000
1102000
1010200
1100101
1100110
1100200
1110100
110100001
110100010
111000001
111000010
111100000
210100000
211000000
12100000
11200000
10120000
11020000
10102000
11001001
11001010
11002000
11101000
10100101
10100110
10100200
11000101
11000110
11000200
11100100
121000000
112000000
101200000
110200000
101020000
110010001
110010010
110020000
111010000
101001001
101001010
101002000
110001001
110001010
110002000
111001000
101000101
101000110
101000200
110000101
110000110
110000200
111000100
100001200
100002100
10001200
10002100
1001200
1002100
102100
100010200
100020100
10010200
10020100
1020100
120100
100100101
100100200
100200100
200100100
10200100
20100100
1200100
2100100
102000100
201000100
12000100
21000100
120000100
210000100
100101100
100110100
10101100
10110100
1101100
101010100
101100100
11010100
110100100
11001100
110010100
101001100
110001100
100012000
100021000
10012000
10021000
1021000
100102000
100201000
10201000
1201000
102001000
201001000
12001000
21001000
120001000
210001000
101011000
101101000
11011000
110101000
110011000
100120000
100210000
10210000
102010000
12010000
120010000
210010000
110110000
102100000
120100000
100100110
133
223
232
313
322
331
1033
1123
1132
1213
1222
1231
1303
1312
1321
1330
2023
2032
2113
2122
2131
2203
2212
2221
2230
2302
2311
2320
3013
3022
3031
3103
3112
3121
3130
3202
3211
3220
3301
3310
100000033
100000123
100000132
100000213
100000222
100000231
100000303
100000312
100000321
100000330
100001023
100001032
100001113
100001122
100001131
100001203
100001212
100001221
100001230
100001302
100001311
100001320
100002013
100002022
100002031
100002103
100002112
100002121
100002130
100002202
100002211
100002220
100002301
100002310
100003003
100003012
100003021
100003030
100003102
100003111
100003120
100003201
100003210
100003300
200000023
200000032
200000113
200000122
200000131
200000203
200000212
200000221
200000230
200000302
200000311
200000320
200001013
200001022
200001031
200001103
200001112
200001121
200001130
200001202
200001211
200001220
200001301
200001310
200002003
200002012
200002021
200002030
200002102
200002111
200002120
200002201
200002210
200002300
200003002
200003011
200003020
200003101
200003110
200003200
10000033
10000123
10000132
10000213
10000222
10000231
10000303
10000312
10000321
10000330
10001023
10001032
10001113
10001122
10001131
10001203
10001212
10001221
10001230
10001302
10001311
10001320
10002013
10002022
10002031
10002103
10002112
10002121
10002130
10002202
10002211
10002220
10002301
10002310
10003003
10003012
10003021
10003030
10003102
10003111
10003120
10003201
10003210
10003300
20000023
20000032
20000113
20000122
20000131
20000203
20000212
20000221
20000230
20000302
20000311
20000320
20001013
20001022
20001031
20001103
20001112
20001121
20001130
20001202
20001211
20001220
20001301
20001310
20002003
20002012
20002021
20002030
20002102
20002111
20002120
20002201
20002210
20002300
20003002
20003011
20003020
20003101
20003110
20003200
1000033
1000123
1000132
1000213
1000222
1000231
1000303
1000312
1000321
1000330
1001023
1001032
1001113
1001122
1001131
1001203
1001212
1001221
1001230
1001302
1001311
1001320
1002013
1002022
1002031
1002103
1002112
1002121
1002130
1002202
1002211
1002220
1002301
1002310
1003003
1003012
1003021
1003030
1003102
1003111
1003120
1003201
1003210
1003300
2000023
2000032
2000113
2000122
2000131
2000203
2000212
2000221
2000230
2000302
2000311
2000320
2001013
2001022
2001031
2001103
2001112
2001121
2001130
2001202
2001211
2001220
2001301
2001310
2002003
2002012
2002021
2002030
2002102
2002111
2002120
2002201
2002210
2002300
2003002
2003011
2003020
2003101
2003110
2003200
100033
100123
100132
100213
100222
100231
100303
100312
100321
100330
101023
101032
101113
101122
101131
101203
101212
101221
101230
101302
101311
101320
102013
102022
102031
102103
102112
102121
102130
102202
102211
102220
102301
102310
103003
103012
103021
103030
103102
103111
103120
103201
103210
103300
200023
200032
200113
200122
200131
200203
200212
200221
200230
200302
200311
200320
201013
201022
201031
201103
201112
201121
201130
201202
201211
201220
201301
201310
202003
202012
202021
202030
202102
202111
202120
202201
202210
202300
203002
203011
203020
203101
203110
203200
10033
10123
10132
10213
10222
10231
10303
10312
10321
10330
11023
11032
11113
11122
11131
11203
11212
11221
11230
11302
11311
11320
12013
12022
12031
12103
12112
12121
12130
12202
12211
12220
12301
12310
13003
13012
13021
13030
13102
13111
13120
13201
13210
13300
20023
20032
20113
20122
20131
20203
20212
20221
20230
20302
20311
20320
21013
21022
21031
21103
21112
21121
21130
21202
21211
21220
21301
21310
22003
22012
22021
22030
22102
22111
22120
22201
22210
22300
23002
23011
23020
23101
23110
23200
4003
4012
4021
4030
4102
4111
4120
4201
4210
4300
403
412
421
430
1402
1411
1420
2401
2410
3400
43
142
241
340
1042
1141
1240
2041
2140
3040
34
124
214
304
1024
1114
1204
2014
2104
3004
30013
30022
30031
30103
30112
30121
30130
30202
30211
30220
30301
30310
100010023
100010032
100010113
100010122
100010131
100010203
100010212
100010221
100010230
100010302
100010311
100010320
100020013
100020022
100020031
100020103
100020112
100020121
100020130
100020202
100020211
100020220
100020301
100020310
100030003
100030012
100030021
100030030
100030102
100030111
100030120
100030201
100030210
100030300
200010013
200010022
200010031
200010103
200010112
200010121
200010130
200010202
200010211
200010220
200010301
200010310
200020003
200020012
200020021
200020030
200020102
200020111
200020120
200020201
200020210
200020300
200030002
200030011
200030020
200030101
200030110
200030200
10010023
10010032
10010113
10010122
10010131
10010203
10010212
10010221
10010230
10010302
10010311
10010320
10020013
10020022
10020031
10020103
10020112
10020121
10020130
10020202
10020211
10020220
10020301
10020310
10030003
10030012
10030021
10030030
10030102
10030111
10030120
10030201
10030210
10030300
20010013
20010022
20010031
20010103
20010112
20010121
20010130
20010202
20010211
20010220
20010301
20010310
20020003
20020012
20020021
20020030
20020102
20020111
20020120
20020201
20020210
20020300
20030002
20030011
20030020
20030101
20030110
20030200
1010023
1010032
1010113
1010122
1010131
1010203
1010212
1010221
1010230
1010302
1010311
1010320
1020013
1020022
1020031
1020103
1020112
1020121
1020130
1020202
1020211
1020220
1020301
1020310
1030003
1030012
1030021
1030030
1030102
1030111
1030120
1030201
1030210
1030300
2010013
2010022
2010031
2010103
2010112
2010121
2010130
2010202
2010211
2010220
2010301
2010310
2020003
2020012
2020021
2020030
2020102
2020111
2020120
2020201
2020210
2020300
2030002
2030011
2030020
2030101
2030110
2030200
110023
110032
110113
110122
110131
110203
110212
110221
110230
110302
110311
110320
120013
120022
120031
120103
120112
120121
120130
120202
120211
120220
120301
120310
130003
130012
130021
130030
130102
130111
130120
130201
130210
130300
210013
210022
210031
210103
210112
210121
210130
210202
210211
210220
210301
210310
220003
220012
220021
220030
220102
220111
220120
220201
220210
220300
230002
230011
230020
230101
230110
230200
40003
40012
40021
40030
40102
40111
40120
40201
40210
40300
31003
31012
31021
31030
31102
31111
31120
31201
31210
31300
32002
32011
32020
32101
32110
32200
10402
10411
10420
20401
20410
30400
10042
10141
10240
20041
20140
30040
10024
10114
10204
20014
20104
30004
300013
300022
300031
300103
300112
300121
300130
300202
300211
300220
300301
300310
100100023
100100032
100100113
100100122
100100131
100100203
100100212
100100221
100100230
100100302
100100311
100100320
100200013
100200022
100200031
100200103
100200112
100200121
100200130
100200202
100200211
100200220
100200301
100200310
100300003
100300012
100300021
100300030
100300102
100300111
100300120
100300201
100300210
100300300
200100013
200100022
200100031
200100103
200100112
200100121
200100130
200100202
200100211
200100220
200100301
200100310
200200003
200200012
200200021
200200030
200200102
200200111
200200120
200200201
200200210
200200300
200300002
200300011
200300020
200300101
200300110
200300200
10100023
10100032
10100113
10100122
10100131
10100203
10100212
10100221
10100230
10100302
10100311
10100320
10200013
10200022
10200031
10200103
10200112
10200121
10200130
10200202
10200211
10200220
10200301
10200310
10300003
10300012
10300021
10300030
10300102
10300111
10300120
10300201
10300210
10300300
20100013
20100022
20100031
20100103
20100112
20100121
20100130
20100202
20100211
20100220
20100301
20100310
20200003
20200012
20200021
20200030
20200102
20200111
20200120
20200201
20200210
20200300
20300002
20300011
20300020
20300101
20300110
20300200
1100023
1100032
1100113
1100122
1100131
1100203
1100212
1100221
1100230
1100302
1100311
1100320
1200013
1200022
1200031
1200103
1200112
1200121
1200130
1200202
1200211
1200220
1200301
1200310
1300003
1300012
1300021
1300030
1300102
1300111
1300120
1300201
1300210
1300300
2100013
2100022
2100031
2100103
2100112
2100121
2100130
2100202
2100211
2100220
2100301
2100310
2200003
2200012
2200021
2200030
2200102
2200111
2200120
2200201
2200210
2200300
2300002
2300011
2300020
2300101
2300110
2300200
400003
400012
400021
400030
400102
400111
400120
400201
400210
400300
310003
310012
310021
310030
310102
310111
310120
310201
310210
310300
320002
320011
320020
320101
320110
320200
301003
301012
301021
301030
301102
301111
301120
301201
301210
301300
302002
302011
302020
302101
302110
302200
100402
100411
100420
200401
200410
300400
100042
100141
100240
200041
200140
300040
100024
100114
100204
200014
200104
300004
3000013
3000022
3000031
3000103
3000112
3000121
3000130
3000202
3000211
3000220
3000301
3000310
101000023
101000032
101000113
101000122
101000131
101000203
101000212
101000221
101000230
101000302
101000311
101000320
102000013
102000022
102000031
102000103
102000112
102000121
102000130
102000202
102000211
102000220
102000301
102000310
103000003
103000012
103000021
103000030
103000102
103000111
103000120
103000201
103000210
103000300
201000013
201000022
201000031
201000103
201000112
201000121
201000130
201000202
201000211
201000220
201000301
201000310
202000003
202000012
202000021
202000030
202000102
202000111
202000120
202000201
202000210
202000300
203000002
203000011
203000020
203000101
203000110
203000200
11000023
11000032
11000113
11000122
11000131
11000203
11000212
11000221
11000230
11000302
11000311
11000320
12000013
12000022
12000031
12000103
12000112
12000121
12000130
12000202
12000211
12000220
12000301
12000310
13000003
13000012
13000021
13000030
13000102
13000111
13000120
13000201
13000210
13000300
21000013
21000022
21000031
21000103
21000112
21000121
21000130
21000202
21000211
21000220
21000301
21000310
22000003
22000012
22000021
22000030
22000102
22000111
22000120
22000201
22000210
22000300
23000002
23000011
23000020
23000101
23000110
23000200
4000003
4000012
4000021
4000030
4000102
4000111
4000120
4000201
4000210
4000300
3100003
3100012
3100021
3100030
3100102
3100111
3100120
3100201
3100210
3100300
3200002
3200011
3200020
3200101
3200110
3200200
3010003
3010012
3010021
3010030
3010102
3010111
3010120
3010201
3010210
3010300
3020002
3020011
3020020
3020101
3020110
3020200
3001003
3001012
3001021
3001030
3001102
3001111
3001120
3001201
3001210
3001300
3002002
3002011
3002020
3002101
3002110
3002200
1000402
1000411
1000420
2000401
2000410
3000400
1000042
1000141
1000240
2000041
2000140
3000040
1000024
1000114
1000204
2000014
2000104
3000004
30000013
30000022
30000031
30000103
30000112
30000121
30000130
30000202
30000211
30000220
30000301
30000310
110000023
110000032
110000113
110000122
110000131
110000203
110000212
110000221
110000230
110000302
110000311
110000320
120000013
120000022
120000031
120000103
120000112
120000121
120000130
120000202
120000211
120000220
120000301
120000310
130000003
130000012
130000021
130000030
130000102
130000111
130000120
130000201
130000210
130000300
210000013
210000022
210000031
210000103
210000112
210000121
210000130
210000202
210000211
210000220
210000301
210000310
220000003
220000012
220000021
220000030
220000102
220000111
220000120
220000201
220000210
220000300
230000002
230000011
230000020
230000101
230000110
230000200
40000003
40000012
40000021
40000030
40000102
40000111
40000120
40000201
40000210
40000300
31000003
31000012
31000021
31000030
31000102
31000111
31000120
31000201
31000210
31000300
32000002
32000011
32000020
32000101
32000110
32000200
30100003
30100012
30100021
30100030
30100102
30100111
30100120
30100201
30100210
30100300
30200002
30200011
30200020
30200101
30200110
30200200
30010003
30010012
30010021
30010030
30010102
30010111
30010120
30010201
30010210
30010300
30020002
30020011
30020020
30020101
30020110
30020200
30001003
30001012
30001021
30001030
30001102
30001111
30001120
30001201
30001210
30001300
30002002
30002011
30002020
30002101
30002110
30002200
10000402
10000411
10000420
20000401
20000410
30000400
10000042
10000141
10000240
20000041
20000140
30000040
10000024
10000114
10000204
20000014
20000104
30000004
300000013
300000022
300000031
300000103
300000112
300000121
300000130
300000202
300000211
300000220
300000301
300000310
400000003
400000012
400000021
400000030
400000102
400000111
400000120
400000201
400000210
400000300
310000003
310000012
310000021
310000030
310000102
310000111
310000120
310000201
310000210
310000300
320000002
320000011
320000020
320000101
320000110
320000200
301000003
301000012
301000021
301000030
301000102
301000111
301000120
301000201
301000210
301000300
302000002
302000011
302000020
302000101
302000110
302000200
300100003
300100012
300100021
300100030
300100102
300100111
300100120
300100201
300100210
300100300
300200002
300200011
300200020
300200101
300200110
300200200
300010003
300010012
300010021
300010030
300010102
300010111
300010120
300010201
300010210
300010300
300020002
300020011
300020020
300020101
300020110
300020200
300001003
300001012
300001021
300001030
300001102
300001111
300001120
300001201
300001210
300001300
300002002
300002011
300002020
300002101
300002110
300002200
100000402
100000411
100000420
200000401
200000410
300000400
100000042
100000141
100000240
200000041
200000140
300000040
100000024
100000114
100000204
200000014
200000104
300000004
100001041
100001140
100001401
100001410
200001040
200001400
10001041
10001140
10001401
10001410
20001040
20001400
1001041
1001140
1001401
1001410
2001040
2001400
101041
101140
101401
101410
201040
201400
11041
11140
11401
11410
21040
21400
100010401
100010410
100011013
100011022
100011031
100011103
100011112
100011121
100011130
100011202
100011211
100011220
100011301
100011310
100011400
200010400
200011003
200011012
200011021
200011030
200011102
200011111
200011120
200011201
200011210
200011300
10010401
10010410
10011013
10011022
10011031
10011103
10011112
10011121
10011130
10011202
10011211
10011220
10011301
10011310
10011400
20010400
20011003
20011012
20011021
20011030
20011102
20011111
20011120
20011201
20011210
20011300
1010401
1010410
1011013
1011022
1011031
1011103
1011112
1011121
1011130
1011202
1011211
1011220
1011301
1011310
1011400
2010400
2011003
2011012
2011021
2011030
2011102
2011111
2011120
2011201
2011210
2011300
110401
110410
111013
111022
111031
111103
111112
111121
111130
111202
111211
111220
111301
111310
111400
210400
211003
211012
211021
211030
211102
211111
211120
211201
211210
211300
12400
11014
11104
100101013
100101022
100101031
100101103
100101112
100101121
100101130
100101202
100101211
100101220
100101301
100101310
100110013
100110022
100110031
100110103
100110112
100110121
100110130
100110202
100110211
100110220
100110301
100110310
100111003
100111012
100111021
100111030
100111102
100111111
100111120
100111201
100111210
100111300
200101003
200101012
200101021
200101030
200101102
200101111
200101120
200101201
200101210
200101300
200110003
200110012
200110021
200110030
200110102
200110111
200110120
200110201
200110210
200110300
200111002
200111011
200111020
200111101
200111110
200111200
10101013
10101022
10101031
10101103
10101112
10101121
10101130
10101202
10101211
10101220
10101301
10101310
10110013
10110022
10110031
10110103
10110112
10110121
10110130
10110202
10110211
10110220
10110301
10110310
10111003
10111012
10111021
10111030
10111102
10111111
10111120
10111201
10111210
10111300
20101003
20101012
20101021
20101030
20101102
20101111
20101120
20101201
20101210
20101300
20110003
20110012
20110021
20110030
20110102
20110111
20110120
20110201
20110210
20110300
20111002
20111011
20111020
20111101
20111110
20111200
1101013
1101022
1101031
1101103
1101112
1101121
1101130
1101202
1101211
1101220
1101301
1101310
1110013
1110022
1110031
1110103
1110112
1110121
1110130
1110202
1110211
1110220
1110301
1110310
1111003
1111012
1111021
1111030
1111102
1111111
1111120
1111201
1111210
1111300
2101003
2101012
2101021
2101030
2101102
2101111
2101120
2101201
2101210
2101300
2110003
2110012
2110021
2110030
2110102
2110111
2110120
2110201
2110210
2110300
2111002
2111011
2111020
2111101
2111110
2111200
311002
311011
311020
311101
311110
311200
121003
121012
121021
121030
121102
121111
121120
121201
121210
121300
131002
131011
131020
131101
131110
131200
112003
112012
112021
112030
112102
112111
112120
112201
112210
112300
113002
113011
113020
113101
113110
113200
110041
110140
111040
101014
101104
110014
110104
111004
101010013
101010022
101010031
101010103
101010112
101010121
101010130
101010202
101010211
101010220
101010301
101010310
101100013
101100022
101100031
101100103
101100112
101100121
101100130
101100202
101100211
101100220
101100301
101100310
101110003
101110012
101110021
101110030
101110102
101110111
101110120
101110201
101110210
101110300
201010003
201010012
201010021
201010030
201010102
201010111
201010120
201010201
201010210
201010300
201100003
201100012
201100021
201100030
201100102
201100111
201100120
201100201
201100210
201100300
201110002
201110011
201110020
201110101
201110110
201110200
11010013
11010022
11010031
11010103
11010112
11010121
11010130
11010202
11010211
11010220
11010301
11010310
11100013
11100022
11100031
11100103
11100112
11100121
11100130
11100202
11100211
11100220
11100301
11100310
11110003
11110012
11110021
11110030
11110102
11110111
11110120
11110201
11110210
11110300
21010003
21010012
21010021
21010030
21010102
21010111
21010120
21010201
21010210
21010300
21100003
21100012
21100021
21100030
21100102
21100111
21100120
21100201
21100210
21100300
21110002
21110011
21110020
21110101
21110110
21110200
3110002
3110011
3110020
3110101
3110110
3110200
1210003
1210012
1210021
1210030
1210102
1210111
1210120
1210201
1210210
1210300
1310002
1310011
1310020
1310101
1310110
1310200
1120003
1120012
1120021
1120030
1120102
1120111
1120120
1120201
1120210
1120300
1130002
1130011
1130020
1130101
1130110
1130200
1012003
1012012
1012021
1012030
1012102
1012111
1012120
1012201
1012210
1012300
1102003
1102012
1102021
1102030
1102102
1102111
1102120
1102201
1102210
1102300
1112002
1112011
1112020
1112101
1112110
1112200
1100401
1100410
1110400
1010041
1010140
1100041
1100140
1110040
1010014
1010104
1100014
1100104
1110004
110100013
110100022
110100031
110100103
110100112
110100121
110100130
110100202
110100211
110100220
110100301
110100310
111000013
111000022
111000031
111000103
111000112
111000121
111000130
111000202
111000211
111000220
111000301
111000310
111100003
111100012
111100021
111100030
111100102
111100111
111100120
111100201
111100210
111100300
210100003
210100012
210100021
210100030
210100102
210100111
210100120
210100201
210100210
210100300
211000003
211000012
211000021
211000030
211000102
211000111
211000120
211000201
211000210
211000300
211100002
211100011
211100020
211100101
211100110
211100200
31100002
31100011
31100020
31100101
31100110
31100200
12100003
12100012
12100021
12100030
12100102
12100111
12100120
12100201
12100210
12100300
13100002
13100011
13100020
13100101
13100110
13100200
11200003
11200012
11200021
11200030
11200102
11200111
11200120
11200201
11200210
11200300
11300002
11300011
11300020
11300101
11300110
11300200
10120003
10120012
10120021
10120030
10120102
10120111
10120120
10120201
10120210
10120300
11020003
11020012
11020021
11020030
11020102
11020111
11020120
11020201
11020210
11020300
11120002
11120011
11120020
11120101
11120110
11120200
10102003
10102012
10102021
10102030
10102102
10102111
10102120
10102201
10102210
10102300
11001013
11001022
11001031
11001103
11001112
11001121
11001130
11001202
11001211
11001220
11001301
11001310
11002003
11002012
11002021
11002030
11002102
11002111
11002120
11002201
11002210
11002300
11101003
11101012
11101021
11101030
11101102
11101111
11101120
11101201
11101210
11101300
11102002
11102011
11102020
11102101
11102110
11102200
10100401
10100410
11000401
11000410
11100400
10100041
10100140
11000041
11000140
11100040
10100014
10100104
11000014
11000104
11100004
311000002
311000011
311000020
311000101
311000110
311000200
121000003
121000012
121000021
121000030
121000102
121000111
121000120
121000201
121000210
121000300
131000002
131000011
131000020
131000101
131000110
131000200
112000003
112000012
112000021
112000030
112000102
112000111
112000120
112000201
112000210
112000300
113000002
113000011
113000020
113000101
113000110
113000200
101200003
101200012
101200021
101200030
101200102
101200111
101200120
101200201
101200210
101200300
110200003
110200012
110200021
110200030
110200102
110200111
110200120
110200201
110200210
110200300
111200002
111200011
111200020
111200101
111200110
111200200
101020003
101020012
101020021
101020030
101020102
101020111
101020120
101020201
101020210
101020300
110010013
110010022
110010031
110010103
110010112
110010121
110010130
110010202
110010211
110010220
110010301
110010310
110020003
110020012
110020021
110020030
110020102
110020111
110020120
110020201
110020210
110020300
111010003
111010012
111010021
111010030
111010102
111010111
111010120
111010201
111010210
111010300
111020002
111020011
111020020
111020101
111020110
111020200
101001013
101001022
101001031
101001103
101001112
101001121
101001130
101001202
101001211
101001220
101001301
101001310
101002003
101002012
101002021
101002030
101002102
101002111
101002120
101002201
101002210
101002300
110001013
110001022
110001031
110001103
110001112
110001121
110001130
110001202
110001211
110001220
110001301
110001310
110002003
110002012
110002021
110002030
110002102
110002111
110002120
110002201
110002210
110002300
111001003
111001012
111001021
111001030
111001102
111001111
111001120
111001201
111001210
111001300
111002002
111002011
111002020
111002101
111002110
111002200
101000401
101000410
110000401
110000410
111000400
101000041
101000140
110000041
110000140
111000040
101000014
101000104
110000014
110000104
111000004
33001
33010
100012003
100012012
100012021
100012030
100013002
100013011
100013020
100021003
100021012
100021021
100021030
100022002
100022011
100022020
100023001
100023010
100031002
100031011
100031020
100032001
100032010
100033000
200012002
200012011
200012020
200013001
200013010
200021002
200021011
200021020
200022001
200022010
200023000
200031001
200031010
200032000
10012003
10012012
10012021
10012030
10013002
10013011
10013020
10021003
10021012
10021021
10021030
10022002
10022011
10022020
10023001
10023010
10031002
10031011
10031020
10032001
10032010
10033000
20012002
20012011
20012020
20013001
20013010
20021002
20021011
20021020
20022001
20022010
20023000
20031001
20031010
20032000
1013002
1013011
1013020
1021003
1021012
1021021
1021030
1022002
1022011
1022020
1023001
1023010
1031002
1031011
1031020
1032001
1032010
1033000
2012002
2012011
2012020
2013001
2013010
2021002
2021011
2021020
2022001
2022010
2023000
2031001
2031010
2032000
122002
122011
122020
123001
123010
132001
132010
133000
212002
212011
212020
213001
213010
221002
221011
221020
222001
222010
223000
231001
231010
232000
41002
41011
41020
42001
42010
43000
14002
14011
14020
24001
24010
34000
33100
12040
12004
21004
303001
303010
100102003
100102012
100102021
100102030
100103002
100103011
100103020
100201003
100201012
100201021
100201030
100202002
100202011
100202020
100203001
100203010
100301002
100301011
100301020
100302001
100302010
100303000
200102002
200102011
200102020
200103001
200103010
200201002
200201011
200201020
200202001
200202010
200203000
200301001
200301010
200302000
10103002
10103011
10103020
10201003
10201012
10201021
10201030
10202002
10202011
10202020
10203001
10203010
10301002
10301011
10301020
10302001
10302010
10303000
20102002
20102011
20102020
20103001
20103010
20201002
20201011
20201020
20202001
20202010
20203000
20301001
20301010
20302000
1103002
1103011
1103020
1201003
1201012
1201021
1201030
1202002
1202011
1202020
1203001
1203010
1301002
1301011
1301020
1302001
1302010
1303000
2102002
2102011
2102020
2103001
2103010
2201002
2201011
2201020
2202001
2202010
2203000
2301001
2301010
2302000
401002
401011
401020
402001
402010
403000
312001
312010
313000
321001
321010
322000
104002
104011
104020
204001
204010
304000
303100
102040
102004
201004
3003001
3003010
101003002
101003011
101003020
102001003
102001012
102001021
102001030
102002002
102002011
102002020
102003001
102003010
103001002
103001011
103001020
103002001
103002010
103003000
201001003
201001012
201001021
201001030
201002002
201002011
201002020
201003001
201003010
202001002
202001011
202001020
202002001
202002010
202003000
203001001
203001010
203002000
11003002
11003011
11003020
12001003
12001012
12001021
12001030
12002002
12002011
12002020
12003001
12003010
13001002
13001011
13001020
13002001
13002010
13003000
21001003
21001012
21001021
21001030
21002002
21002011
21002020
21003001
21003010
22001002
22001011
22001020
22002001
22002010
22003000
23001001
23001010
23002000
4001002
4001011
4001020
4002001
4002010
4003000
3101002
3101011
3101020
3102001
3102010
3103000
3201001
3201010
3202000
3011002
3011011
3011020
3012001
3012010
3013000
3021001
3021010
3022000
1004002
1004011
1004020
2004001
2004010
3004000
3003100
1002040
1001014
1002004
2001004
30003001
30003010
110003002
110003011
110003020
120001003
120001012
120001021
120001030
120002002
120002011
120002020
120003001
120003010
130001002
130001011
130001020
130002001
130002010
130003000
210001003
210001012
210001021
210001030
210002002
210002011
210002020
210003001
210003010
220001002
220001011
220001020
220002001
220002010
220003000
230001001
230001010
230002000
40001002
40001011
40001020
40002001
40002010
40003000
31001002
31001011
31001020
31002001
31002010
31003000
32001001
32001010
32002000
30101002
30101011
30101020
30102001
30102010
30103000
30201001
30201010
30202000
30011002
30011011
30011020
30012001
30012010
30013000
30021001
30021010
30022000
10004002
10004011
10004020
20004001
20004010
30004000
30003100
10002040
10001014
10002004
20001004
300003001
300003010
400001002
400001011
400001020
400002001
400002010
400003000
310001002
310001011
310001020
310002001
310002010
310003000
320001001
320001010
320002000
301001002
301001011
301001020
301002001
301002010
301003000
302001001
302001010
302002000
300101002
300101011
300101020
300102001
300102010
300103000
300201001
300201010
300202000
300011002
300011011
300011020
300012001
300012010
300013000
300021001
300021010
300022000
100004002
100004011
100004020
200004001
200004010
300004000
300003100
100002040
100001014
100002004
200001004
100001104
10001104
1001104
100004101
100004110
200004100
10004101
10004110
20004100
1004101
1004110
2004100
104101
104110
204100
14101
14110
24100
100012102
100012111
100012120
100013101
100013110
100014001
100014010
100014100
200012101
200012110
200013100
200014000
10012102
10012111
10012120
10013101
10013110
10014001
10014010
10014100
20012101
20012110
20013100
20014000
1013101
1013110
1014001
1014010
1014100
2012101
2012110
2013100
2014000
114001
114010
114100
212101
212110
213100
214000
14200
100104001
100104010
100112002
100112011
100112020
100113001
100113010
100114000
200104000
200112001
200112010
200113000
10104001
10104010
10112002
10112011
10112020
10113001
10113010
10114000
20104000
20112001
20112010
20113000
1104001
1104010
1113001
1113010
1114000
2104000
2112001
2112010
2113000
124000
104200
101011003
101011012
101011021
101011030
101012002
101012011
101012020
101013001
101013010
101101003
101101012
101101021
101101030
101102002
101102011
101102020
101103001
101103010
101111002
101111011
101111020
101112001
101112010
101113000
201011002
201011011
201011020
201012001
201012010
201013000
201101002
201101011
201101020
201102001
201102010
201103000
201111001
201111010
201112000
11011003
11011012
11011021
11011030
11012002
11012011
11012020
11013001
11013010
11103001
11103010
11111002
11111011
11111020
11112001
11112010
11113000
21011002
21011011
21011020
21012001
21012010
21013000
21101002
21101011
21101020
21102001
21102010
21103000
21111001
21111010
21112000
3111001
3111010
3112000
1211002
1211011
1211020
1212001
1212010
1213000
1311001
1311010
1312000
1121002
1121011
1121020
1122001
1122010
1123000
1131001
1131010
1132000
1013200
1103101
1103110
1103200
1113100
1011040
1101040
1011004
1101004
110101003
110101012
110101021
110101030
110102002
110102011
110102020
110103001
110103010
111003001
111003010
111101002
111101011
111101020
111102001
111102010
111103000
210101002
210101011
210101020
210102001
210102010
210103000
211001002
211001011
211001020
211002001
211002010
211003000
211101001
211101010
211102000
31101001
31101010
31102000
12101002
12101011
12101020
12102001
12102010
12103000
13101001
13101010
13102000
11201002
11201011
11201020
11202001
11202010
11203000
11301001
11301010
11302000
10121002
10121011
10121020
10122001
10122010
10123000
11021002
11021011
11021020
11022001
11022010
11023000
11121001
11121010
11122000
11004001
11004010
11104000
10103101
10103110
10103200
11003101
11003110
11003200
11103100
10101040
11001040
10101004
11001004
311001001
311001010
311002000
121001002
121001011
121001020
121002001
121002010
121003000
131001001
131001010
131002000
112001002
112001011
112001020
112002001
112002010
112003000
113001001
113001010
113002000
101201002
101201011
101201020
101202001
101202010
101203000
110201002
110201011
110201020
110202001
110202010
110203000
111201001
111201010
111202000
101021002
101021011
101021020
101022001
101022010
101023000
110011003
110011012
110011021
110011030
110012002
110012011
110012020
110013001
110013010
110021002
110021011
110021020
110022001
110022010
110023000
111011002
111011011
111011020
111012001
111012010
111013000
111021001
111021010
111022000
101004001
101004010
110004001
110004010
111004000
101003101
101003110
101003200
110003101
110003110
110003200
111003100
101001040
110001040
101001004
110001004
330001
330010
100120003
100120012
100120021
100120030
100130002
100130011
100130020
100210003
100210012
100210021
100210030
100220002
100220011
100220020
100230001
100230010
100310002
100310011
100310020
100320001
100320010
100330000
200120002
200120011
200120020
200130001
200130010
200210002
200210011
200210020
200220001
200220010
200230000
200310001
200310010
200320000
10130002
10130011
10130020
10210003
10210012
10210021
10210030
10220002
10220011
10220020
10230001
10230010
10310002
10310011
10310020
10320001
10320010
10330000
20120002
20120011
20120020
20130001
20130010
20210002
20210011
20210020
20220001
20220010
20230000
20310001
20310010
20320000
1220002
1220011
1220020
1230001
1230010
1320001
1320010
1330000
2120002
2120011
2120020
2130001
2130010
2210002
2210011
2210020
2220001
2220010
2230000
2310001
2310010
2320000
410002
410011
410020
420001
420010
430000
140002
140011
140020
240001
240010
340000
331000
330100
120040
210040
120004
210004
3030001
3030010
101030002
101030011
101030020
102010003
102010012
102010021
102010030
102020002
102020011
102020020
102030001
102030010
103010002
103010011
103010020
103020001
103020010
103030000
201020002
201020011
201020020
201030001
201030010
202010002
202010011
202010020
202020001
202020010
202030000
203010001
203010010
203020000
11030002
11030011
11030020
12010003
12010012
12010021
12010030
12020002
12020011
12020020
12030001
12030010
13010002
13010011
13010020
13020001
13020010
13030000
21020002
21020011
21020020
21030001
21030010
22010002
22010011
22010020
22020001
22020010
22030000
23010001
23010010
23020000
4010002
4010011
4010020
4020001
4020010
4030000
3120001
3120010
3130000
3210001
3210010
3220000
1040002
1040011
1040020
2040001
2040010
3040000
3031000
3030100
1020040
2010040
1020004
2010004
30030001
30030010
110030002
110030011
110030020
120010003
120010012
120010021
120010030
120020002
120020011
120020020
120030001
120030010
130010002
130010011
130010020
130020001
130020010
130030000
210010003
210010012
210010021
210010030
210020002
210020011
210020020
210030001
210030010
220010002
220010011
220010020
220020001
220020010
220030000
230010001
230010010
230020000
40010002
40010011
40010020
40020001
40020010
40030000
31010002
31010011
31010020
31020001
31020010
31030000
32010001
32010010
32020000
30110002
30110011
30110020
30120001
30120010
30130000
30210001
30210010
30220000
10040002
10040011
10040020
20040001
20040010
30040000
30031000
30030100
10010041
10020040
20010040
10010014
10020004
20010004
300030001
300030010
400010002
400010011
400010020
400020001
400020010
400030000
310010002
310010011
310010020
310020001
310020010
310030000
320010001
320010010
320020000
301010002
301010011
301010020
301020001
301020010
301030000
302010001
302010010
302020000
300110002
300110011
300110020
300120001
300120010
300130000
300210001
300210010
300220000
100040002
100040011
100040020
200040001
200040010
300040000
300031000
300030100
100010041
100020040
200010040
100010014
100020004
200010004
100010104
100010140
10010104
10010140
100011040
100021102
100021111
100021120
100031101
100031110
200021101
200021110
200031100
10011040
10021102
10021111
10021120
10031101
10031110
20021101
20021110
20031100
1021102
1021111
1021120
1031101
1031110
2021101
2021110
2031100
221101
221110
231100
41101
41110
100040101
100040110
100041001
100041010
100041100
200040100
200041000
10040101
10040110
10041001
10041010
10041100
20040100
20041000
1040101
1040110
1041001
1041010
1041100
2040100
2041000
140101
140110
141001
141010
141100
240100
241000
42100
41200
100121002
100121011
100121020
100131001
100131010
100140001
100140010
100141000
200121001
200121010
200131000
200140000
10131001
10131010
10140001
10140010
10141000
20121001
20121010
20131000
20140000
1140001
1140010
1141000
2121001
2121010
2131000
2140000
142000
140200
101040001
101040010
101120002
101120011
101120020
101130001
101130010
101140000
201040000
201120001
201120010
201130000
11040001
11040010
11130001
11130010
11140000
21040000
21120001
21120010
21130000
1240000
1042000
1040200
1140100
110110003
110110012
110110021
110110030
110120002
110120011
110120020
110130001
110130010
111030001
111030010
111110002
111110011
111110020
111120001
111120010
111130000
210110002
210110011
210110020
210120001
210120010
210130000
211010002
211010011
211010020
211020001
211020010
211030000
211110001
211110010
211120000
31110001
31110010
31120000
12110002
12110011
12110020
12120001
12120010
12130000
13110001
13110010
13120000
11210002
11210011
11210020
11220001
11220010
11230000
11310001
11310010
11320000
10132000
11031001
11031010
11032000
11131000
10130101
10130110
10130200
11030101
11030110
11030200
11130100
10110040
11010040
10110004
11010004
311010001
311010010
311020000
121010002
121010011
121010020
121020001
121020010
121030000
131010001
131010010
131020000
112010002
112010011
112010020
112020001
112020010
112030000
113010001
113010010
113020000
101210002
101210011
101210020
101220001
101220010
101230000
110210002
110210011
110210020
110220001
110220010
110230000
111210001
111210010
111220000
110040001
110040010
111040000
101031001
101031010
101032000
110031001
110031010
110032000
111031000
101030101
101030110
101030200
110030101
110030110
110030200
111030100
101010040
110010040
101010004
110010004
3300001
3300010
101300002
101300011
101300020
102100003
102100012
102100021
102100030
102200002
102200011
102200020
102300001
102300010
103100002
103100011
103100020
103200001
103200010
103300000
201200002
201200011
201200020
201300001
201300010
202100002
202100011
202100020
202200001
202200010
202300000
203100001
203100010
203200000
12200002
12200011
12200020
12300001
12300010
13200001
13200010
13300000
21200002
21200011
21200020
21300001
21300010
22100002
22100011
22100020
22200001
22200010
22300000
23100001
23100010
23200000
4100002
4100011
4100020
4200001
4200010
4300000
1400002
1400011
1400020
2400001
2400010
3400000
3310000
3301000
3300100
1200040
2100040
1200004
2100004
30300001
30300010
110300002
110300011
110300020
120100003
120100012
120100021
120100030
120200002
120200011
120200020
120300001
120300010
130100002
130100011
130100020
130200001
130200010
130300000
210200002
210200011
210200020
210300001
210300010
220100002
220100011
220100020
220200001
220200010
220300000
230100001
230100010
230200000
40100002
40100011
40100020
40200001
40200010
40300000
31200001
31200010
31300000
32100001
32100010
32200000
10400002
10400011
10400020
20400001
20400010
30400000
30310000
30301000
30300100
10200040
20100040
10200004
20100004
300300001
300300010
400100002
400100011
400100020
400200001
400200010
400300000
310100002
310100011
310100020
310200001
310200010
310300000
320100001
320100010
320200000
301100002
301100011
301100020
301200001
301200010
301300000
302100001
302100010
302200000
100400002
100400011
100400020
200400001
200400010
300400000
300310000
300301000
300300100
100100041
100200040
200100040
100100014
100200004
200100004
100100104
100100140
100101040
100201102
100201111
100201120
100301101
100301110
200201101
200201110
200301100
10201102
10201111
10201120
10301101
10301110
20201101
20201110
20301100
1201102
1201111
1201120
1301101
1301110
2201101
2201110
2301100
401101
401110
321100
100210102
100210111
100210120
100211002
100211011
100211020
100211101
100211110
100310101
100310110
100311001
100311010
100311100
200210101
200210110
200211001
200211010
200211100
200310100
200311000
10210102
10210111
10210120
10211002
10211011
10211020
10211101
10211110
10310101
10310110
10311001
10311010
10311100
20210101
20210110
20211001
20211010
20211100
20310100
20311000
1211101
1211110
1311100
2210101
2210110
2211001
2211010
2211100
2310100
2311000
410101
410110
411001
411010
411100
312100
100401001
100401010
100410001
100410010
100411000
200401000
200410000
10401001
10401010
10410001
10410010
10411000
20401000
20410000
1401001
1401010
1410001
1410010
1411000
2401000
2410000
421000
412000
401200
410200
101310001
101310010
101400001
101400010
101410000
201210001
201210010
201310000
201400000
11400001
11400010
11410000
21210001
21210010
21310000
21400000
1420000
1402000
1400101
1400110
1400200
1410100
110400001
110400010
111300001
111300010
111400000
210400000
211200001
211200010
211300000
12400000
10420000
10402000
11401000
10400101
10400110
10400200
11400100
311100001
311100010
311200000
121100002
121100011
121100020
121200001
121200010
121300000
131100001
131100010
131200000
112100002
112100011
112100020
112200001
112200010
112300000
113100001
113100010
113200000
101320000
110310001
110310010
110320000
111310000
101301001
101301010
101302000
110301001
110301010
110302000
111301000
101300101
101300110
101300200
110300101
110300110
110300200
111300100
101100040
110100040
101100004
110100004
33000001
33000010
122000002
122000011
122000020
123000001
123000010
132000001
132000010
133000000
212000002
212000011
212000020
213000001
213000010
221000002
221000011
221000020
222000001
222000010
223000000
231000001
231000010
232000000
41000002
41000011
41000020
42000001
42000010
43000000
14000002
14000011
14000020
24000001
24000010
34000000
33100000
33010000
33001000
33000100
12000040
21000040
12000004
21000004
303000001
303000010
401000002
401000011
401000020
402000001
402000010
403000000
312000001
312000010
313000000
321000001
321000010
322000000
104000002
104000011
104000020
204000001
204000010
304000000
303100000
303010000
303001000
303000100
102000040
201000040
102000004
201000004
102001102
102001111
102001120
103001101
103001110
201001102
201001111
201001120
202001101
202001110
203001100
12001102
12001111
12001120
13001101
13001110
21001102
21001111
21001120
22001101
22001110
23001100
4001101
4001110
3101101
3101110
3201100
3011101
3011110
3021100
101011102
101011111
101011120
102010102
102010111
102010120
102011002
102011011
102011020
102011101
102011110
103010101
103010110
103011001
103011010
103011100
201011101
201011110
202010101
202010110
202011001
202011010
202011100
203010100
203011000
11011102
11011111
11011120
12010102
12010111
12010120
12011002
12011011
12011020
12011101
12011110
13010101
13010110
13011001
13011010
13011100
21011101
21011110
22010101
22010110
22011001
22011010
22011100
23010100
23011000
4010101
4010110
4011001
4011010
4011100
3111100
3210100
3211000
3012100
3011200
102101002
102101011
102101020
102110002
102110011
102110020
102111001
102111010
103101001
103101010
103110001
103110010
103111000
202101001
202101010
202110001
202110010
202111000
203101000
203110000
12111001
12111010
13111000
22101001
22101010
22110001
22110010
22111000
23101000
23110000
4101001
4101010
4110001
4110010
4111000
3121000
3101200
104010001
104010010
104100001
104100010
104110000
204010000
204100000
14010001
14010010
14100001
14100010
14110000
24010000
24100000
4210000
4120000
4012000
4102000
4010200
4100101
4100110
4100200
4110100
114000001
114000010
114100000
212100001
212100010
213100000
214000000
14200000
14020000
14001001
14001010
14002000
14101000
14000101
14000110
14000200
14100100
124000000
104200000
104020000
114010000
104001001
104001010
104002000
114001000
104000101
104000110
104000200
114000100
330000001
330000010
410000002
410000011
410000020
420000001
420000010
430000000
140000002
140000011
140000020
240000001
240000010
340000000
331000000
330100000
330010000
330001000
330000100
120000040
210000040
120000004
210000004
120001102
120001111
120001120
130001101
130001110
210001102
210001111
210001120
220001101
220001110
230001100
40001101
40001110
31001101
31001110
32001100
30101101
30101110
30201100
30011101
30011110
30021100
110011102
110011111
110011120
120010102
120010111
120010120
120011002
120011011
120011020
120011101
120011110
130010101
130010110
130011001
130011010
130011100
210010102
210010111
210010120
210011002
210011011
210011020
210011101
210011110
220010101
220010110
220011001
220011010
220011100
230010100
230011000
40010101
40010110
40011001
40011010
40011100
31010101
31010110
31011001
31011010
31011100
32010100
32011000
30110101
30110110
30111001
30111010
30111100
30210100
30211000
30012100
30011200
10011004
110111002
110111011
110111020
120101002
120101011
120101020
120110002
120110011
120110020
120111001
120111010
130101001
130101010
130110001
130110010
130111000
210111001
210111010
220101001
220101010
220110001
220110010
220111000
230101000
230110000
40101001
40101010
40110001
40110010
40111000
31111000
32101000
32110000
30121000
30112000
30101200
30110200
121110001
121110010
131110000
221010001
221010010
221100001
221100010
221110000
231010000
231100000
41010001
41010010
41100001
41100010
41110000
31210000
31012000
31010200
31110100
140100001
140100010
141000001
141000010
141100000
240100000
241000000
42100000
41200000
40120000
41020000
40102000
41001001
41001010
41002000
41101000
40100101
40100110
40100200
41000101
41000110
41000200
41100100
142000000
140200000
140010001
140010010
140020000
141010000
140001001
140001010
140002000
141001000
140000101
140000110
140000200
141000100
400001101
400001110
310001101
310001110
320001100
301001101
301001110
302001100
300101101
300101110
300201100
300011101
300011110
300021100
400010101
400010110
400011001
400011010
400011100
310010101
310010110
310011001
310011010
310011100
320010100
320011000
301010101
301010110
301011001
301011010
301011100
302010100
302011000
300110101
300110110
300111001
300111010
300111100
300210100
300211000
300012100
300011200
100011004
400101001
400101010
400110001
400110010
400111000
310101001
310101010
310110001
310110010
310111000
320101000
320110000
301101001
301101010
301110001
301110010
301111000
302101000
302110000
300121000
300112000
300101200
300110200
100110040
100101004
100110004
401010001
401010010
401100001
401100010
401110000
311110000
321010000
321100000
301210000
301120000
301012000
301102000
301010200
301100101
301100110
301100200
301110100
410100001
410100010
411000001
411000010
411100000
312100000
310120000
310102000
311101000
310100101
310100110
310100200
311100100
421000000
412000000
401200000
410200000
401020000
410010001
410010010
410020000
411010000
401001001
401001010
401002000
410001001
410001010
410002000
411001000
401000101
401000110
401000200
410000101
410000110
410000200
411000100
100012201
100012210
200012200
10012201
10012210
20012200
2012200
212200
100102102
100102111
100102120
100112101
100112110
200102101
200102110
200112100
10112101
10112110
20102101
20102110
20112100
2102101
2102110
2112100
122101
122110
132100
101101102
101101111
101101120
101111101
101111110
201101101
201101110
201111100
11111101
11111110
21101101
21101110
21111100
1121101
1121110
1131100
110101102
110101111
110101120
111101101
111101110
210101101
210101110
211001101
211001110
211101100
31101100
12101101
12101110
13101100
11201101
11201110
11301100
10121101
10121110
11021101
11021110
11121100
311001100
121001101
121001110
131001100
112001101
112001110
113001100
101201101
101201110
110201101
110201110
111201100
101021101
101021110
110021101
110021110
111011101
111011110
111021100
100022101
100022110
100120102
100120111
100120120
100121101
100121110
100122001
100122010
100122100
200022100
200120101
200120110
200121100
200122000
10022101
10022110
10122100
20022100
20120101
20120110
20121100
20122000
1022101
1022110
1122100
2022100
2120101
2120110
2121100
2122000
222100
123100
122200
101120101
101120110
101121001
101121010
101121100
201020101
201020110
201021001
201021010
201021100
201120100
201121000
21020101
21020110
21021001
21021010
21021100
21120100
21121000
3120100
1220101
1220110
1221001
1221010
1221100
1320100
1321000
1023100
1021201
1021210
1021300
1121200
110110102
110110111
110110120
110111101
110111110
111110101
111110110
111111001
111111010
111111100
210110101
210110110
210111100
211010101
211010110
211011001
211011010
211011100
211110100
211111000
12110101
12110110
12111100
13110100
11210101
11210110
11211001
11211010
11211100
11310100
11311000
10131100
11031100
10113100
11012101
11012110
11013100
11112100
11011201
11011210
11011300
11111200
311010100
311011000
121010101
121010110
121011001
121011010
121011100
131010100
131011000
112010101
112010110
112011001
112011010
112011100
113010100
113011000
101210101
101210110
101211001
101211010
101211100
110210101
110210110
110211001
110211010
110211100
111210100
111211000
101031100
110031100
101012101
101012110
101013100
110012101
110012110
110013100
111012100
101011201
101011210
101011300
110011201
110011210
110011300
111011200
100021201
100021210
100022200
200021200
10021201
10021210
10022200
20021200
1022200
2021200
221200
100221001
100221010
101221000
200221000
201201001
201201010
201211000
201220000
10221001
10221010
11221000
20221000
21201001
21201010
21211000
21220000
2221000
1231000
1222000
1201201
1201210
1211200
1220200
210201001
210201010
210210001
210210010
210211000
211201000
211210000
31201000
12201001
12201010
12210001
12210010
12211000
13201000
13210000
10231000
10212001
10212010
10213000
11212000
10201201
10201210
10210201
10210210
10211200
11201200
11210200
121101001
121101010
121111000
131101000
112101001
112101010
112110001
112110010
112111000
113101000
113110000
101311000
110311000
101131000
110121001
110121010
110131000
111121000
110112001
110112010
110113000
111112000
101101201
101101210
101111200
110101201
110101210
110110201
110110210
110111200
111101200
111110200
100212001
100212010
100222000
200212000
10222000
20212000
2212000
102210001
102210010
112210000
202210000
212010001
212010010
212110000
212200000
22210000
12310000
12220000
12012001
12012010
12112000
12202000
2210200
12010201
12010210
12110200
12200101
12200110
12200200
12210100
312010000
122010001
122010010
122100001
122100010
122110000
132010000
132100000
102310000
102120001
102120010
102130000
112120000
102012001
102012010
102102001
102102010
102112000
112012000
112102000
102010201
102010210
102100102
102100111
102100120
102100201
102100210
102110101
102110110
102110200
112010200
112100101
112100110
112100200
112110100
102220000
202120000
22120000
2120200
2220100
222100000
123100000
122200000
120120001
120120010
121120000
122020000
22102000
120102001
120102010
121102000
122001001
122001010
122002000
122101000
22100101
22100110
22100200
120100102
120100111
120100120
120100201
120100210
121100101
121100110
121100200
122000101
122000110
122000200
122100100
221200000
21202000
22201000
21200101
21200110
21200200
22200100
212020000
221020000
222010000
212001001
212001010
212002000
221001001
221001010
221002000
222001000
212000101
212000110
212000200
221000101
221000110
221000200
222000100
100012300
100013200
100021300
100023100
100031200
100032100
10012300
10013200
10021300
10023100
10031200
10032100
1031200
1032100
100102201
100102300
100103101
100103200
100201201
100201300
100202101
100202200
100203100
100301200
100302100
200102200
200103100
200201200
200202100
10201300
10202101
10202200
10203100
10301200
10302100
20102200
20103100
20201200
20202100
1201300
1202101
1202200
1203100
1301200
1302100
2102200
2103100
2201200
2202100
402100
102400
102001201
102001300
102002101
102002200
102003100
103001200
103002100
201001201
201001300
201002101
201002200
201003100
202001200
202002100
12001201
12001300
12002101
12002200
12003100
13001200
13002100
21001201
21001300
21002101
21002200
21003100
22001200
22002100
4001200
4002100
3102100
1004200
1002400
120001201
120001300
120002101
120002200
120003100
130001200
130002100
210001201
210001300
210002101
210002200
210003100
220001200
220002100
40001200
40002100
31001200
31002100
30102100
10004200
10002400
400001200
400002100
310001200
310002100
301001200
301002100
300102100
100004200
100002400
100104100
100112200
100113100
10104100
10112200
1104100
101012200
101101300
101102101
101102200
101103100
101112100
201011200
201012100
201101200
201102100
11012200
21011200
21012100
21101200
21102100
1212100
1101400
110101300
110102101
110102200
110103100
111102100
210101200
210102100
211001200
211002100
12101200
12102100
11202100
10121200
11021200
11022100
11004100
10101400
11001400
121001200
121002100
112001200
112002100
101201200
101202100
110201200
110202100
101021200
101022100
110012200
110021200
110022100
101004100
110004100
101001400
110001400
100120201
100120300
100130101
100130200
100210201
100210300
100220101
100220200
100230100
100310200
100320100
200120200
200130100
200210200
200220100
10210300
10220101
10220200
10230100
10310200
10320100
20120200
20130100
20210200
20220100
1230100
2130100
420100
120400
102010300
102020101
102020200
102030100
103010200
103020100
201020200
201030100
202010200
202020100
12010300
12020101
12020200
12030100
13010200
13020100
21020200
21030100
22010200
22020100
4020100
1020400
120010201
120010300
120020101
120020200
120030100
130010200
130020100
210010201
210010300
210020101
210020200
210030100
220010200
220020100
40010200
40020100
31020100
30120100
10040200
10020400
400010200
400020100
310010200
310020100
301020100
300120100
100040200
100020400
100121200
100131100
100140100
10140100
101040100
101120200
101130100
11040100
110110300
110120101
110120200
110130100
111120100
210110200
210120100
211010200
211020100
12120100
11220100
10110400
11010400
121010200
121020100
112020100
101210200
101220100
110210200
110220100
110040100
101010400
110010400
102100300
102200101
102200200
102300100
103100101
103100200
103200100
201200101
201200200
201300100
202100101
202100200
202200100
203100100
12300100
13200100
21300100
23100100
4200100
2400100
1200400
2100400
120100300
120200101
120200200
120300100
130100101
130100200
130200100
210200101
210200200
210300100
220100101
220100200
220200100
230100100
40200100
31200100
32100100
20400100
10200400
20100400
400100101
400100200
400200100
310200100
320100100
301200100
302100100
100400101
100400200
200400100
100100401
100200400
200100400
100100410
100101400
100201210
100110400
100211200
100401100
100410100
10401100
10410100
1401100
101310100
101400100
201210100
21210100
110400100
211200100
121200100
131100100
112200100
113100100
110310100
101301100
110301100
101100400
110100400
123000100
132000100
213000100
231000100
42000100
24000100
12000400
21000400
402000100
312000100
321000100
204000100
102000400
201000400
102001210
201001210
12001210
21001210
102011200
12011200
102101101
102101200
102111100
103101100
103110100
202101100
202110100
22101100
22110100
4101100
104010100
104100100
14010100
212100100
14001100
104001100
420000100
240000100
120000400
210000400
120001210
210001210
120011200
210011200
120101101
120101200
120110101
120110200
120111100
130101100
130110100
220101100
220110100
40101100
40110100
121110100
221010100
221100100
41010100
140100100
41001100
140010100
140001100
400101100
400110100
310101100
310110100
301101100
401010100
401100100
410100100
410010100
401001100
410001100
100102210
100221100
201201100
10221100
21201100
210201100
210210100
12201100
10212100
121101100
112101100
110121100
110112100
100212100
102210100
212010100
12012100
122010100
102120100
102012100
102102100
120120100
120102100
122001100
212001100
221001100
100123000
100132000
100213000
100231000
100312000
100321000
10312000
10321000
102013000
102021001
102022000
102031000
103012000
103021000
201022000
201031000
202012000
202021000
12013000
12021001
12022000
12031000
13012000
13021000
21022000
21031000
22012000
22021000
4021000
1024000
120012001
120013000
120021001
120022000
120031000
130012000
130021000
210012001
210013000
210021001
210022000
210031000
220012000
220021000
40012000
40021000
31021000
10042000
10024000
400012000
400021000
310012000
310021000
301021000
100042000
100024000
101041000
101122000
11041000
110122000
210112000
210121000
211012000
211021000
12121000
11014000
121012000
121021000
112021000
101212000
110212000
110221000
110041000
101014000
110014000
102103000
102201001
102202000
102301000
103102000
103201000
201202000
201301000
202102000
202201000
12301000
21301000
4201000
1204000
120103000
120201001
120202000
120301000
130102000
130201000
210202000
210301000
220102000
220201000
40201000
10204000
400102000
400201000
310201000
301201000
100402000
100204000
100103110
100202110
10202110
1202110
101401000
110401000
121201000
112201000
101104000
110104000
123001000
132001000
213001000
231001000
42001000
24001000
12004000
21004000
402001000
312001000
321001000
204001000
102004000
201004000
102002110
201002110
12002110
21002110
104011000
104101000
14011000
212101000
420001000
240001000
120004000
210004000
120002110
210002110
120012100
210012100
120112000
221011000
221101000
41011000
140101000
140011000
401011000
401101000
410101000
410011000
101102110
110102110
102211000
212011000
122011000
102121000
120121000
103120000
103210000
120130000
120210001
120220000
120310000
130120000
130210000
210220000
210310000
220120000
220210000
40210000
10240000
400120000
400210000
310210000
100420000
100240000
100130110
100220110
10220110
110410000
121210000
110140000
123010000
213010000
42010000
12040000
402010000
102040000
102020110
12020110
102021010
102021100
12021010
12021100
420010000
240010000
120040000
210040000
120020110
210020110
120021010
120021100
210021010
210021100
140110000
410110000
110120110
402100000
102400000
102200110
103100110
201200110
202100110
102101110
102201010
102201100
420100000
120400000
120200110
130100110
210200110
220100110
120101110
120201010
120201100
120210100
120211000
400100110
100400110
100210210
120010210
210010210
120110110
120012010
210012010
100120210
120210010