3
12
21
30
1000002
1000011
1000020
2000001
2000010
100002
100011
100020
200001
200010
10002
10011
10020
20001
20010
1002
1011
1020
2001
2010
102
111
120
201
210
300
1000101
1000200
2000100
100101
100200
200100
10101
10200
20100
1101
1200
2100
3000
1001001
1002000
2001000
101001
102000
201000
11001
12000
21000
30000
1010001
1020000
2010000
110001
120000
210000
300000
1100001
1200000
2100000
3000000
1000110
100110
10110
1110
1001010
101010
11010
1010010
110010
1100010
1001100
101100
11100
1010100
110100
1100100
1011000
111000
1101000
1110000
33
123
132
213
222
231
303
312
321
330
1000023
1000032
1000113
1000122
1000131
1000203
1000212
1000221
1000230
1000302
1000311
1000320
2000013
2000022
2000031
2000103
2000112
2000121
2000130
2000202
2000211
2000220
2000301
2000310
100023
100032
100113
100122
100131
100203
100212
100221
100230
100302
100311
100320
200013
200022
200031
200103
200112
200121
200130
200202
200211
200220
200301
200310
10023
10032
10113
10122
10131
10203
10212
10221
10230
10302
10311
10320
20013
20022
20031
20103
20112
20121
20130
20202
20211
20220
20301
20310
1023
1032
1113
1122
1131
1203
1212
1221
1230
1302
1311
1320
2013
2022
2031
2103
2112
2121
2130
2202
2211
2220
2301
2310
402
411
420
42
141
240
24
114
204
3003
3012
3021
3030
1001013
1001022
1001031
1002003
1002012
1002021
1002030
1003002
1003011
1003020
2001003
2001012
2001021
2001030
2002002
2002011
2002020
2003001
2003010
101013
101022
101031
102003
102012
102021
102030
103002
103011
103020
201003
201012
201021
201030
202002
202011
202020
203001
203010
11013
11022
11031
12003
12012
12021
12030
13002
13011
13020
21003
21012
21021
21030
22002
22011
22020
23001
23010
4002
4011
4020
3102
3111
3120
3201
3210
1041
2040
1014
2004
30003
30012
30021
30030
1010013
1010022
1010031
1020003
1020012
1020021
1020030
1030002
1030011
1030020
2010003
2010012
2010021
2010030
2020002
2020011
2020020
2030001
2030010
110013
110022
110031
120003
120012
120021
120030
130002
130011
130020
210003
210012
210021
210030
220002
220011
220020
230001
230010
40002
40011
40020
31002
31011
31020
32001
32010
30102
30111
30120
30201
30210
10041
20040
10014
20004
300003
300012
300021
300030
1100013
1100022
1100031
1200003
1200012
1200021
1200030
1300002
1300011
1300020
2100003
2100012
2100021
2100030
2200002
2200011
2200020
2300001
2300010
400002
400011
400020
310002
310011
310020
320001
320010
301002
301011
301020
302001
302010
300102
300111
300120
300201
300210
100041
200040
100014
200004
3000003
3000012
3000021
3000030
4000002
4000011
4000020
3100002
3100011
3100020
3200001
3200010
3010002
3010011
3010020
3020001
3020010
3001002
3001011
3001020
3002001
3002010
3000102
3000111
3000120
3000201
3000210
1000041
2000040
1000014
2000004
1000104
1000140
100104
100140
10104
10140
1104
1140
3300
1001103
1001202
1001301
1002102
1002201
1002300
1003101
1003200
2001102
2001201
2001300
2002101
2002200
2003100
101103
101202
101301
102102
102201
102300
103101
103200
201102
201201
201300
202101
202200
203100
11103
11202
11301
12102
12201
12300
13101
13200
21102
21201
21300
22101
22200
23100
4101
4200
1401
2400
30300
1010103
1010202
1010301
1020102
1020201
1020300
1030101
1030200
2010102
2010201
2010300
2020101
2020200
2030100
110103
110202
110301
120102
120201
120300
130101
130200
210102
210201
210300
220101
220200
230100
40101
40200
31101
31200
32100
10401
20400
300300
1100103
1100202
1100301
1200102
1200201
1200300
1300101
1300200
2100102
2100201
2100300
2200101
2200200
2300100
400101
400200
310101
310200
320100
301101
301200
302100
100401
200400
3000300
4000101
4000200
3100101
3100200
3200100
3010101
3010200
3020100
3001101
3001200
3002100
1000401
2000400
1000410
100410
10410
1410
33000
1011003
1012002
1013001
1021002
1022001
1023000
1031001
1032000
2011002
2012001
2013000
2021001
2022000
2031000
111003
112002
113001
121002
122001
123000
131001
132000
211002
212001
213000
221001
222000
231000
41001
42000
14001
24000
11004
303000
1101003
1102002
1103001
1201002
1202001
1203000
1301001
1302000
2101002
2102001
2103000
2201001
2202000
2301000
401001
402000
311001
312000
321000
104001
204000
101004
3003000
4001001
4002000
3101001
3102000
3201000
3011001
3012000
3021000
1004001
2004000
1001004
1001112
1002111
1003110
2001111
2002110
101112
102111
103110
201111
202110
11112
12111
13110
21111
22110
4110
330000
1110003
1120002
1130001
1210002
1220001
1230000
1310001
1320000
2110002
2120001
2130000
2210001
2220000
2310000
410001
420000
140001
240000
110004
3030000
4010001
4020000
3110001
3120000
3210000
1040001
2040000
1010004
1010112
1020111
1030110
2010111
2020110
110112
120111
130110
210111
220110
40110
31110
3300000
4100001
4200000
1400001
2400000
1100004
1100112
1200111
1300110
2100111
2200110
400110
310110
301110
4000110
3100110
3010110
3001110
1001130
1001220
1001310
1002120
1002210
2001120
2001210
101130
101220
101310
102120
102210
201120
201210
11130
11220
11310
12120
12210
21120
21210
1010130
1010220
1010310
1020120
1020210
2010120
2010210
110130
110220
110310
120120
120210
210120
210210
1100130
1100220
1100310
1200120
1200210
2100120
2100210
1011030
1012020
1013010
1021020
1022010
1031010
2011020
2012010
2021010
111030
112020
113010
121020
122010
131010
211020
212010
221010
41010
14010
11040
1101030
1102020
1103010
1201020
1202010
1301010
2101020
2102010
2201010
401010
311010
104010
101040
4001010
3101010
3011010
1004010
1001040
1001121
101121
11121
1110030
1120020
1130010
1210020
1220010
1310010
2110020
2120010
2210010
410010
140010
110040
4010010
3110010
1040010
1010040
1010121
110121
4100010
1400010
1100040
1100121
1011300
1012200
1013100
1021200
1022100
1031100
2011200
2012100
2021100
111300
112200
113100
121200
122100
131100
211200
212100
221100
41100
14100
11400
1101300
1102200
1103100
1201200
1202100
1301100
2101200
2102100
2201100
401100
311100
104100
101400
4001100
3101100
3011100
1004100
1001400
1001211
101211
11211
1110300
1120200
1130100
1210200
1220100
1310100
2110200
2120100
2210100
410100
140100
110400
4010100
3110100
1040100
1010400
1010211
110211
4100100
1400100
1100400
1100211
1113000
1122000
1131000
1212000
1221000
1311000
2112000
2121000
2211000
411000
141000
114000
4011000
3111000
1041000
1014000
1011111
1012011
1012101
1012110
1021011
1021101
1021110
2011011
2011101
2011110
111111
112011
112101
112110
121011
121101
121110
211011
211101
211110
4101000
1401000
1104000
1101111
1102011
1102101
1102110
1201011
1201101
1201110
2101011
2101101
2101110
4110000
1410000
1140000
1110111
1120011
1120101
1120110
1210011
1210101
1210110
2110011
2110101
2110110
333
1233
1323
1332
2133
2223
2232
2313
2322
2331
3033
3123
3132
3213
3222
3231
3303
3312
3321
3330
1000233
1000323
1000332
1001133
1001223
1001232
1001313
1001322
1001331
1002033
1002123
1002132
1002213
1002222
1002231
1002303
1002312
1002321
1002330
1003023
1003032
1003113
1003122
1003131
1003203
1003212
1003221
1003230
1003302
1003311
1003320
2000133
2000223
2000232
2000313
2000322
2000331
2001033
2001123
2001132
2001213
2001222
2001231
2001303
2001312
2001321
2001330
2002023
2002032
2002113
2002122
2002131
2002203
2002212
2002221
2002230
2002302
2002311
2002320
2003013
2003022
2003031
2003103
2003112
2003121
2003130
2003202
2003211
2003220
2003301
2003310
100233
100323
100332
101133
101223
101232
101313
101322
101331
102033
102123
102132
102213
102222
102231
102303
102312
102321
102330
103023
103032
103113
103122
103131
103203
103212
103221
103230
103302
103311
103320
200133
200223
200232
200313
200322
200331
201033
201123
201132
201213
201222
201231
201303
201312
201321
201330
202023
202032
202113
202122
202131
202203
202212
202221
202230
202302
202311
202320
203013
203022
203031
203103
203112
203121
203130
203202
203211
203220
203301
203310
10233
10323
10332
11133
11223
11232
11313
11322
11331
12033
12123
12132
12213
12222
12231
12303
12312
12321
12330
13023
13032
13113
13122
13131
13203
13212
13221
13230
13302
13311
13320
20133
20223
20232
20313
20322
20331
21033
21123
21132
21213
21222
21231
21303
21312
21321
21330
22023
22032
22113
22122
22131
22203
22212
22221
22230
22302
22311
22320
23013
23022
23031
23103
23112
23121
23130
23202
23211
23220
23301
23310
4023
4032
4113
4122
4131
4203
4212
4221
4230
4302
4311
4320
423
432
1413
1422
1431
2403
2412
2421
2430
3402
3411
3420
243
342
1143
1242
1341
2043
2142
2241
2340
3042
3141
3240
234
324
1134
1224
1314
2034
2124
2214
2304
3024
3114
3204
30033
30123
30132
30213
30222
30231
30303
30312
30321
30330
1010133
1010223
1010232
1010313
1010322
1010331
1020033
1020123
1020132
1020213
1020222
1020231
1020303
1020312
1020321
1020330
1030023
1030032
1030113
1030122
1030131
1030203
1030212
1030221
1030230
1030302
1030311
1030320
2010033
2010123
2010132
2010213
2010222
2010231
2010303
2010312
2010321
2010330
2020023
2020032
2020113
2020122
2020131
2020203
2020212
2020221
2020230
2020302
2020311
2020320
2030013
2030022
2030031
2030103
2030112
2030121
2030130
2030202
2030211
2030220
2030301
2030310
110133
110223
110232
110313
110322
110331
120033
120123
120132
120213
120222
120231
120303
120312
120321
120330
130023
130032
130113
130122
130131
130203
130212
130221
130230
130302
130311
130320
210033
210123
210132
210213
210222
210231
210303
210312
210321
210330
220023
220032
220113
220122
220131
220203
220212
220221
220230
220302
220311
220320
230013
230022
230031
230103
230112
230121
230130
230202
230211
230220
230301
230310
40023
40032
40113
40122
40131
40203
40212
40221
40230
40302
40311
40320
31023
31032
31113
31122
31131
31203
31212
31221
31230
31302
31311
31320
32013
32022
32031
32103
32112
32121
32130
32202
32211
32220
32301
32310
10413
10422
10431
20403
20412
20421
20430
30402
30411
30420
10143
10242
10341
20043
20142
20241
20340
30042
30141
30240
10134
10224
10314
20034
20124
20214
20304
30024
30114
30204
300033
300123
300132
300213
300222
300231
300303
300312
300321
300330
1100133
1100223
1100232
1100313
1100322
1100331
1200033
1200123
1200132
1200213
1200222
1200231
1200303
1200312
1200321
1200330
1300023
1300032
1300113
1300122
1300131
1300203
1300212
1300221
1300230
1300302
1300311
1300320
2100033
2100123
2100132
2100213
2100222
2100231
2100303
2100312
2100321
2100330
2200023
2200032
2200113
2200122
2200131
2200203
2200212
2200221
2200230
2200302
2200311
2200320
2300013
2300022
2300031
2300103
2300112
2300121
2300130
2300202
2300211
2300220
2300301
2300310
400023
400032
400113
400122
400131
400203
400212
400221
400230
400302
400311
400320
310023
310032
310113
310122
310131
310203
310212
310221
310230
310302
310311
310320
320013
320022
320031
320103
320112
320121
320130
320202
320211
320220
320301
320310
301023
301032
301113
301122
301131
301203
301212
301221
301230
301302
301311
301320
302013
302022
302031
302103
302112
302121
302130
302202
302211
302220
302301
302310
100413
100422
100431
200403
200412
200421
200430
300402
300411
300420
100143
100242
100341
200043
200142
200241
200340
300042
300141
300240
100134
100224
100314
200034
200124
200214
200304
300024
300114
300204
3000033
3000123
3000132
3000213
3000222
3000231
3000303
3000312
3000321
3000330
4000023
4000032
4000113
4000122
4000131
4000203
4000212
4000221
4000230
4000302
4000311
4000320
3100023
3100032
3100113
3100122
3100131
3100203
3100212
3100221
3100230
3100302
3100311
3100320
3200013
3200022
3200031
3200103
3200112
3200121
3200130
3200202
3200211
3200220
3200301
3200310
3010023
3010032
3010113
3010122
3010131
3010203
3010212
3010221
3010230
3010302
3010311
3010320
3020013
3020022
3020031
3020103
3020112
3020121
3020130
3020202
3020211
3020220
3020301
3020310
3001023
3001032
3001113
3001122
3001131
3001203
3001212
3001221
3001230
3001302
3001311
3001320
3002013
3002022
3002031
3002103
3002112
3002121
3002130
3002202
3002211
3002220
3002301
3002310
1000413
1000422
1000431
2000403
2000412
2000421
2000430
3000402
3000411
3000420
1000143
1000242
1000341
2000043
2000142
2000241
2000340
3000042
3000141
3000240
1000134
1000224
1000314
2000034
2000124
2000214
2000304
3000024
3000114
3000204
414
144
441
1000044
1000404
1000440
100044
100404
100440
10044
10404
10440
1044
1404
1440
33003
33012
33021
33030
1011033
1012023
1012032
1013013
1013022
1013031
1021023
1021032
1022013
1022022
1022031
1023003
1023012
1023021
1023030
1031013
1031022
1031031
1032003
1032012
1032021
1032030
1033002
1033011
1033020
2011023
2011032
2012013
2012022
2012031
2013003
2013012
2013021
2013030
2021013
2021022
2021031
2022003
2022012
2022021
2022030
2023002
2023011
2023020
2031003
2031012
2031021
2031030
2032002
2032011
2032020
2033001
2033010
111033
112023
112032
113013
113022
113031
121023
121032
122013
122022
122031
123003
123012
123021
123030
131013
131022
131031
132003
132012
132021
132030
133002
133011
133020
211023
211032
212013
212022
212031
213003
213012
213021
213030
221013
221022
221031
222003
222012
222021
222030
223002
223011
223020
231003
231012
231021
231030
232002
232011
232020
233001
233010
41013
41022
41031
42003
42012
42021
42030
43002
43011
43020
14013
14022
14031
24003
24012
24021
24030
34002
34011
34020
33102
33111
33120
33201
33210
11043
12042
13041
21042
22041
23040
31041
32040
11034
12024
13014
21024
22014
23004
31014
32004
303003
303012
303021
303030
1101033
1102023
1102032
1103013
1103022
1103031
1201023
1201032
1202013
1202022
1202031
1203003
1203012
1203021
1203030
1301013
1301022
1301031
1302003
1302012
1302021
1302030
1303002
1303011
1303020
2101023
2101032
2102013
2102022
2102031
2103003
2103012
2103021
2103030
2201013
2201022
2201031
2202003
2202012
2202021
2202030
2203002
2203011
2203020
2301003
2301012
2301021
2301030
2302002
2302011
2302020
2303001
2303010
401013
401022
401031
402003
402012
402021
402030
403002
403011
403020
311013
311022
311031
312003
312012
312021
312030
313002
313011
313020
321003
321012
321021
321030
322002
322011
322020
323001
323010
104013
104022
104031
204003
204012
204021
204030
304002
304011
304020
303102
303111
303120
303201
303210
101043
102042
103041
201042
202041
203040
301041
302040
101034
102024
103014
201024
202014
203004
301014
302004
3003003
3003012
3003021
3003030
4001013
4001022
4001031
4002003
4002012
4002021
4002030
4003002
4003011
4003020
3101013
3101022
3101031
3102003
3102012
3102021
3102030
3103002
3103011
3103020
3201003
3201012
3201021
3201030
3202002
3202011
3202020
3203001
3203010
3011013
3011022
3011031
3012003
3012012
3012021
3012030
3013002
3013011
3013020
3021003
3021012
3021021
3021030
3022002
3022011
3022020
3023001
3023010
1004013
1004022
1004031
2004003
2004012
2004021
2004030
3004002
3004011
3004020
3003102
3003111
3003120
3003201
3003210
1001043
1002042
1003041
2001042
2002041
2003040
3001041
3002040
1001034
1002024
1003014
2001024
2002014
2003004
3001014
3002004
4014
4041
1001124
1001142
1002114
1002141
1003104
1003140
2001114
2001141
2002104
2002140
101124
101142
102114
102141
103104
103140
201114
201141
202104
202140
11124
11142
12114
12141
13104
13140
21114
21141
22104
22140
4104
4140
330003
330012
330021
330030
1110033
1120023
1120032
1130013
1130022
1130031
1210023
1210032
1220013
1220022
1220031
1230003
1230012
1230021
1230030
1310013
1310022
1310031
1320003
1320012
1320021
1320030
1330002
1330011
1330020
2110023
2110032
2120013
2120022
2120031
2130003
2130012
2130021
2130030
2210013
2210022
2210031
2220003
2220012
2220021
2220030
2230002
2230011
2230020
2310003
2310012
2310021
2310030
2320002
2320011
2320020
2330001
2330010
410013
410022
410031
420003
420012
420021
420030
430002
430011
430020
140013
140022
140031
240003
240012
240021
240030
340002
340011
340020
331002
331011
331020
332001
332010
330102
330111
330120
330201
330210
110043
120042
130041
210042
220041
230040
310041
320040
110034
120024
130014
210024
220014
230004
310014
320004
3030003
3030012
3030021
3030030
4010013
4010022
4010031
4020003
4020012
4020021
4020030
4030002
4030011
4030020
3110013
3110022
3110031
3120003
3120012
3120021
3120030
3130002
3130011
3130020
3210003
3210012
3210021
3210030
3220002
3220011
3220020
3230001
3230010
1040013
1040022
1040031
2040003
2040012
2040021
2040030
3040002
3040011
3040020
3031002
3031011
3031020
3032001
3032010
3030102
3030111
3030120
3030201
3030210
1010043
1020042
1030041
2010042
2020041
2030040
3010041
3020040
1010034
1020024
1030014
2010024
2020014
2030004
3010014
3020004
40014
40041
1010124
1010142
1020114
1020141
1030104
1030140
2010114
2010141
2020104
2020140
110124
110142
120114
120141
130104
130140
210114
210141
220104
220140
40104
40140
31104
31140
3300003
3300012
3300021
3300030
4100013
4100022
4100031
4200003
4200012
4200021
4200030
4300002
4300011
4300020
1400013
1400022
1400031
2400003
2400012
2400021
2400030
3400002
3400011
3400020
3310002
3310011
3310020
3320001
3320010
3301002
3301011
3301020
3302001
3302010
3300102
3300111
3300120
3300201
3300210
1100043
1200042
1300041
2100042
2200041
2300040
3100041
3200040
1100034
1200024
1300014
2100024
2200014
2300004
3100014
3200004
400014
400041
1100124
1100142
1200114
1200141
1300104
1300140
2100114
2100141
2200104
2200140
400104
400140
310104
310140
301104
301140
4000014
4000041
4000104
4000140
3100104
3100140
3010104
3010140
3001104
3001140
33300
1011303
1012203
1012302
1013103
1013202
1013301
1021203
1021302
1022103
1022202
1022301
1023102
1023201
1023300
1031103
1031202
1031301
1032102
1032201
1032300
1033101
1033200
2011203
2011302
2012103
2012202
2012301
2013102
2013201
2013300
2021103
2021202
2021301
2022102
2022201
2022300
2023101
2023200
2031102
2031201
2031300
2032101
2032200
2033100
111303
112203
112302
113103
113202
113301
121203
121302
122103
122202
122301
123102
123201
123300
131103
131202
131301
132102
132201
132300
133101
133200
211203
211302
212103
212202
212301
213102
213201
213300
221103
221202
221301
222102
222201
222300
223101
223200
231102
231201
231300
232101
232200
233100
41103
41202
41301
42102
42201
42300
43101
43200
14103
14202
14301
24102
24201
24300
34101
34200
11403
12402
13401
21402
22401
23400
31401
32400
11304
12204
21204
303300
1101303
1102203
1102302
1103103
1103202
1103301
1201203
1201302
1202103
1202202
1202301
1203102
1203201
1203300
1301103
1301202
1301301
1302102
1302201
1302300
1303101
1303200
2101203
2101302
2102103
2102202
2102301
2103102
2103201
2103300
2201103
2201202
2201301
2202102
2202201
2202300
2203101
2203200
2301102
2301201
2301300
2302101
2302200
2303100
401103
401202
401301
402102
402201
402300
403101
403200
311103
311202
311301
312102
312201
312300
313101
313200
321102
321201
321300
322101
322200
323100
104103
104202
104301
204102
204201
204300
304101
304200
101403
102402
103401
201402
202401
203400
301401
302400
101304
102204
201204
3003300
4001103
4001202
4001301
4002102
4002201
4002300
4003101
4003200
3101103
3101202
3101301
3102102
3102201
3102300
3103101
3103200
3201102
3201201
3201300
3202101
3202200
3203100
3011103
3011202
3011301
3012102
3012201
3012300
3013101
3013200
3021102
3021201
3021300
3022101
3022200
3023100
1004103
1004202
1004301
2004102
2004201
2004300
3004101
3004200
1001403
1002402
1003401
2001402
2002401
2003400
3001401
3002400
1001304
1002204
2001204
4401
1001214
1001412
1002411
1003410
2001411
2002410
101214
101412
102411
103410
201411
202410
11214
11412
12411
13410
21411
22410
4410
330300
1110303
1120203
1120302
1130103
1130202
1130301
1210203
1210302
1220103
1220202
1220301
1230102
1230201
1230300
1310103
1310202
1310301
1320102
1320201
1320300
1330101
1330200
2110203
2110302
2120103
2120202
2120301
2130102
2130201
2130300
2210103
2210202
2210301
2220102
2220201
2220300
2230101
2230200
2310102
2310201
2310300
2320101
2320200
2330100
410103
410202
410301
420102
420201
420300
430101
430200
140103
140202
140301
240102
240201
240300
340101
340200
331101
331200
332100
110403
120402
130401
210402
220401
230400
310401
320400
110304
120204
210204
3030300
4010103
4010202
4010301
4020102
4020201
4020300
4030101
4030200
3110103
3110202
3110301
3120102
3120201
3120300
3130101
3130200
3210102
3210201
3210300
3220101
3220200
3230100
1040103
1040202
1040301
2040102
2040201
2040300
3040101
3040200
3031101
3031200
3032100
1010403
1020402
1030401
2010402
2020401
2030400
3010401
3020400
1010304
1020204
2010204
40401
1010214
1010412
1020411
1030410
2010411
2020410
110214
110412
120411
130410
210411
220410
40410
31410
3300300
4100103
4100202
4100301
4200102
4200201
4200300
4300101
4300200
1400103
1400202
1400301
2400102
2400201
2400300
3400101
3400200
3310101
3310200
3320100
3301101
3301200
3302100
1100403
1200402
1300401
2100402
2200401
2300400
3100401
3200400
1100304
1200204
2100204
400401
1100214
1100412
1200411
1300410
2100411
2200410
400410
310410
301410
4000401
4000410
3100410
3010410
3001410
333000
1113003
1122003
1123002
1131003
1132002
1133001
1212003
1213002
1221003
1222002
1223001
1231002
1232001
1233000
1311003
1312002
1313001
1321002
1322001
1323000
1331001
1332000
2112003
2113002
2121003
2122002
2123001
2131002
2132001
2133000
2211003
2212002
2213001
2221002
2222001
2223000
2231001
2232000
2311002
2312001
2313000
2321001
2322000
2331000
411003
412002
413001
421002
422001
423000
431001
432000
141003
142002
143001
241002
242001
243000
341001
342000
114003
124002
134001
214002
224001
234000
314001
324000
113004
122004
131004
212004
221004
311004
3033000
4011003
4012002
4013001
4021002
4022001
4023000
4031001
4032000
3111003
3112002
3113001
3121002
3122001
3123000
3131001
3132000
3211002
3212001
3213000
3221001
3222000
3231000
1041003
1042002
1043001
2041002
2042001
2043000
3041001
3042000
1014003
1024002
1034001
2014002
2024001
2034000
3014001
3024000
1013004
1022004
1031004
2012004
2021004
3011004
41004
14004
44001
1011114
1012014
1012104
1012113
1013112
1021014
1021104
1021113
1022112
1023111
1031112
1032111
1033110
2011014
2011104
2011113
2012112
2013111
2021112
2022111
2023110
2031111
2032110
111114
112014
112104
112113
113112
121014
121104
121113
122112
123111
131112
132111
133110
211014
211104
211113
212112
213111
221112
222111
223110
231111
232110
41112
42111
43110
14112
24111
34110
3303000
4101003
4102002
4103001
4201002
4202001
4203000
4301001
4302000
1401003
1402002
1403001
2401002
2402001
2403000
3401001
3402000
3311001
3312000
3321000
1104003
1204002
1304001
2104002
2204001
2304000
3104001
3204000
1103004
1202004
1301004
2102004
2201004
3101004
401004
104004
404001
1101114
1102014
1102104
1102113
1103112
1201014
1201104
1201113
1202112
1203111
1301112
1302111
1303110
2101014
2101104
2101113
2102112
2103111
2201112
2202111
2203110
2301111
2302110
401112
402111
403110
311112
312111
313110
321111
322110
104112
204111
304110
4001004
1004004
4004001
4001112
4002111
4003110
3101112
3102111
3103110
3201111
3202110
3011112
3012111
3013110
3021111
3022110
1004112
2004111
3004110
3330000
4110003
4120002
4130001
4210002
4220001
4230000
4310001
4320000
1410003
1420002
1430001
2410002
2420001
2430000
3410001
3420000
1140003
1240002
1340001
2140002
2240001
2340000
3140001
3240000
1130004
1220004
1310004
2120004
2210004
3110004
410004
140004
440001
1110114
1120014
1120104
1120113
1130112
1210014
1210104
1210113
1220112
1230111
1310112
1320111
1330110
2110014
2110104
2110113
2120112
2130111
2210112
2220111
2230110
2310111
2320110
410112
420111
430110
140112
240111
340110
331110
4010004
1040004
4040001
4010112
4020111
4030110
3110112
3120111
3130110
3210111
3220110
1040112
2040111
3040110
3031110
4100004
1400004
4400001
4100112
4200111
4300110
1400112
2400111
3400110
3310110
3301110
1011330
1012230
1012320
1013130
1013220
1013310
1021230
1021320
1022130
1022220
1022310
1023120
1023210
1031130
1031220
1031310
1032120
1032210
2011230
2011320
2012130
2012220
2012310
2013120
2013210
2021130
2021220
2021310
2022120
2022210
2031120
2031210
111330
112230
112320
113130
113220
113310
121230
121320
122130
122220
122310
123120
123210
131130
131220
131310
132120
132210
211230
211320
212130
212220
212310
213120
213210
221130
221220
221310
222120
222210
231120
231210
41130
41220
41310
42120
42210
14130
14220
14310
24120
24210
11430
12420
21420
11340
12240
21240
1101330
1102230
1102320
1103130
1103220
1103310
1201230
1201320
1202130
1202220
1202310
1203120
1203210
1301130
1301220
1301310
1302120
1302210
2101230
2101320
2102130
2102220
2102310
2103120
2103210
2201130
2201220
2201310
2202120
2202210
2301120
2301210
401130
401220
401310
402120
402210
311130
311220
311310
312120
312210
321120
321210
104130
104220
104310
204120
204210
101430
102420
201420
101340
102240
201240
4001130
4001220
4001310
4002120
4002210
3101130
3101220
3101310
3102120
3102210
3201120
3201210
3011130
3011220
3011310
3012120
3012210
3021120
3021210
1004130
1004220
1004310
2004120
2004210
1001430
1002420
2001420
1001340
1002240
2001240
1001241
1001421
101241
101421
11241
11421
1110330
1120230
1120320
1130130
1130220
1130310
1210230
1210320
1220130
1220220
1220310
1230120
1230210
1310130
1310220
1310310
1320120
1320210
2110230
2110320
2120130
2120220
2120310
2130120
2130210
2210130
2210220
2210310
2220120
2220210
2310120
2310210
410130
410220
410310
420120
420210
140130
140220
140310
240120
240210
110430
120420
210420
110340
120240
210240
4010130
4010220
4010310
4020120
4020210
3110130
3110220
3110310
3120120
3120210
3210120
3210210
1040130
1040220
1040310
2040120
2040210
1010430
1020420
2010420
1010340
1020240
2010240
1010241
1010421
110241
110421
4100130
4100220
4100310
4200120
4200210
1400130
1400220
1400310
2400120
2400210
1100430
1200420
2100420
1100340
1200240
2100240
1100241
1100421
1113030
1122030
1123020
1131030
1132020
1133010
1212030
1213020
1221030
1222020
1223010
1231020
1232010
1311030
1312020
1313010
1321020
1322010
1331010
2112030
2113020
2121030
2122020
2123010
2131020
2132010
2211030
2212020
2213010
2221020
2222010
2231010
2311020
2312010
2321010
411030
412020
413010
421020
422010
431010
141030
142020
143010
241020
242010
341010
114030
124020
134010
214020
224010
314010
113040
122040
131040
212040
221040
311040
4011030
4012020
4013010
4021020
4022010
4031010
3111030
3112020
3113010
3121020
3122010
3131010
3211020
3212010
3221010
1041030
1042020
1043010
2041020
2042010
3041010
1014030
1024020
1034010
2014020
2024010
3014010
1013040
1022040
1031040
2012040
2021040
3011040
41040
14040
44010
1011141
1012041
1012131
1012140
1013121
1021041
1021131
1021140
1022121
1031121
2011041
2011131
2011140
2012121
2021121
111141
112041
112131
112140
113121
121041
121131
121140
122121
131121
211041
211131
211140
212121
221121
41121
14121
4101030
4102020
4103010
4201020
4202010
4301010
1401030
1402020
1403010
2401020
2402010
3401010
3311010
1104030
1204020
1304010
2104020
2204010
3104010
1103040
1202040
1301040
2102040
2201040
3101040
401040
104040
404010
1101141
1102041
1102131
1102140
1103121
1201041
1201131
1201140
1202121
1301121
2101041
2101131
2101140
2102121
2201121
401121
311121
104121
4001040
1004040
4004010
4001121
3101121
3011121
1004121
4110030
4120020
4130010
4210020
4220010
4310010
1410030
1420020
1430010
2410020
2420010
3410010
1140030
1240020
1340010
2140020
2240010
3140010
1130040
1220040
1310040
2120040
2210040
3110040
410040
140040
440010
1110141
1120041
1120131
1120140
1130121
1210041
1210131
1210140
1220121
1310121
2110041
2110131
2110140
2120121
2210121
410121
140121
4010040
1040040
4040010
4010121
3110121
1040121
4100040
1400040
4400010
4100121
1400121
1113300
1122300
1123200
1131300
1132200
1133100
1212300
1213200
1221300
1222200
1223100
1231200
1232100
1311300
1312200
1313100
1321200
1322100
1331100
2112300
2113200
2121300
2122200
2123100
2131200
2132100
2211300
2212200
2213100
2221200
2222100
2231100
2311200
2312100
2321100
411300
412200
413100
421200
422100
431100
141300
142200
143100
241200
242100
341100
114300
124200
134100
214200
224100
314100
113400
122400
131400
212400
221400
311400
4011300
4012200
4013100
4021200
4022100
4031100
3111300
3112200
3113100
3121200
3122100
3131100
3211200
3212100
3221100
1041300
1042200
1043100
2041200
2042100
3041100
1014300
1024200
1034100
2014200
2024100
3014100
1013400
1022400
1031400
2012400
2021400
3011400
41400
14400
44100
1011411
1012311
1012401
1012410
1013211
1021311
1021401
1021410
1022211
1031211
2011311
2011401
2011410
2012211
2021211
111411
112311
112401
112410
113211
121311
121401
121410
122211
131211
211311
211401
211410
212211
221211
41211
14211
4101300
4102200
4103100
4201200
4202100
4301100
1401300
1402200
1403100
2401200
2402100
3401100
3311100
1104300
1204200
1304100
2104200
2204100
3104100
1103400
1202400
1301400
2102400
2201400
3101400
401400
104400
404100
1101411
1102311
1102401
1102410
1103211
1201311
1201401
1201410
1202211
1301211
2101311
2101401
2101410
2102211
2201211
401211
311211
104211
4001400
1004400
4004100
4001211
3101211
3011211
1004211
4110300
4120200
4130100
4210200
4220100
4310100
1410300
1420200
1430100
2410200
2420100
3410100
1140300
1240200
1340100
2140200
2240100
3140100
1130400
1220400
1310400
2120400
2210400
3110400
410400
140400
440100
1110411
1120311
1120401
1120410
1130211
1210311
1210401
1210410
1220211
1310211
2110311
2110401
2110410
2120211
2210211
410211
140211
4010400
1040400
4040100
4010211
3110211
1040211
4100400
1400400
4400100
4100211
1400211
4113000
4122000
4131000
4212000
4221000
4311000
1413000
1422000
1431000
2412000
2421000
3411000
1143000
1242000
1341000
2142000
2241000
3141000
1134000
1224000
1314000
2124000
2214000
3114000
414000
144000
441000
1113111
1122111
1123011
1123101
1123110
1131111
1132011
1132101
1132110
1212111
1213011
1213101
1213110
1221111
1222011
1222101
1222110
1231011
1231101
1231110
1311111
1312011
1312101
1312110
1321011
1321101
1321110
2112111
2113011
2113101
2113110
2121111
2122011
2122101
2122110
2131011
2131101
2131110
2211111
2212011
2212101
2212110
2221011
2221101
2221110
2311011
2311101
2311110
411111
412011
412101
412110
421011
421101
421110
141111
142011
142101
142110
241011
241101
241110
114111
124011
124101
124110
214011
214101
214110
4014000
1044000
4041000
4011111
4012011
4012101
4012110
4021011
4021101
4021110
3111111
3112011
3112101
3112110
3121011
3121101
3121110
3211011
3211101
3211110
1041111
1042011
1042101
1042110
2041011
2041101
2041110
1014111
1024011
1024101
1024110
2014011
2014101
2014110
1011222
1012122
1012212
1012221
1021122
1021212
1021221
2011122
2011212
2011221
111222
112122
112212
112221
121122
121212
121221
211122
211212
211221
4104000
1404000
4401000
4101111
4102011
4102101
4102110
4201011
4201101
4201110
1401111
1402011
1402101
1402110
2401011
2401101
2401110
1104111
1204011
1204101
1204110
2104011
2104101
2104110
1101222
1102122
1102212
1102221
1201122
1201212
1201221
2101122
2101212
2101221
4140000
1440000
4410000
4110111
4120011
4120101
4120110
4210011
4210101
4210110
1410111
1420011
1420101
1420110
2410011
2410101
2410110
1140111
1240011
1240101
1240110
2140011
2140101
2140110
1110222
1120122
1120212
1120221
1210122
1210212
1210221
2110122
2110212
2110221