3
12
21
30
102
111
120
201
210
300
1000002
1000011
1000020
1000101
1000110
1000200
2000001
2000010
2000100
100002
100011
100020
100101
100110
100200
200001
200010
200100
10002
10011
10020
10101
10110
10200
20001
20010
20100
1002
1011
1020
1101
1110
1200
2001
2010
2100
3000
1001001
1001010
1002000
2001000
101001
101010
102000
201000
11001
11010
12000
21000
30000
1010001
1010010
1020000
2010000
110001
110010
120000
210000
300000
1100001
1100010
1200000
2100000
3000000
1001100
101100
11100
1010100
110100
1100100
1011000
111000
1101000
1110000
33
123
132
213
222
231
303
312
321
330
1023
1032
1113
1122
1131
1203
1212
1221
1230
1302
1311
1320
2013
2022
2031
2103
2112
2121
2130
2202
2211
2220
2301
2310
3003
3012
3021
3030
3102
3111
3120
3201
3210
3300
1000023
1000032
1000113
1000122
1000131
1000203
1000212
1000221
1000230
1000302
1000311
1000320
1001013
1001022
1001031
1001103
1001112
1001121
1001130
1001202
1001211
1001220
1001301
1001310
1002003
1002012
1002021
1002030
1002102
1002111
1002120
1002201
1002210
1002300
1003002
1003011
1003020
1003101
1003110
1003200
2000013
2000022
2000031
2000103
2000112
2000121
2000130
2000202
2000211
2000220
2000301
2000310
2001003
2001012
2001021
2001030
2001102
2001111
2001120
2001201
2001210
2001300
2002002
2002011
2002020
2002101
2002110
2002200
2003001
2003010
2003100
100023
100032
100113
100122
100131
100203
100212
100221
100230
100302
100311
100320
101013
101022
101031
101103
101112
101121
101130
101202
101211
101220
101301
101310
102003
102012
102021
102030
102102
102111
102120
102201
102210
102300
103002
103011
103020
103101
103110
103200
200013
200022
200031
200103
200112
200121
200130
200202
200211
200220
200301
200310
201003
201012
201021
201030
201102
201111
201120
201201
201210
201300
202002
202011
202020
202101
202110
202200
203001
203010
203100
10023
10032
10113
10122
10131
10203
10212
10221
10230
10302
10311
10320
11013
11022
11031
11103
11112
11121
11130
11202
11211
11220
11301
11310
12003
12012
12021
12030
12102
12111
12120
12201
12210
12300
13002
13011
13020
13101
13110
13200
20013
20022
20031
20103
20112
20121
20130
20202
20211
20220
20301
20310
21003
21012
21021
21030
21102
21111
21120
21201
21210
21300
22002
22011
22020
22101
22110
22200
23001
23010
23100
4002
4011
4020
4101
4110
4200
402
411
420
1401
1410
2400
42
141
240
1041
1140
2040
24
114
204
1014
1104
2004
30003
30012
30021
30030
30102
30111
30120
30201
30210
30300
1010013
1010022
1010031
1010103
1010112
1010121
1010130
1010202
1010211
1010220
1010301
1010310
1020003
1020012
1020021
1020030
1020102
1020111
1020120
1020201
1020210
1020300
1030002
1030011
1030020
1030101
1030110
1030200
2010003
2010012
2010021
2010030
2010102
2010111
2010120
2010201
2010210
2010300
2020002
2020011
2020020
2020101
2020110
2020200
2030001
2030010
2030100
110013
110022
110031
110103
110112
110121
110130
110202
110211
110220
110301
110310
120003
120012
120021
120030
120102
120111
120120
120201
120210
120300
130002
130011
130020
130101
130110
130200
210003
210012
210021
210030
210102
210111
210120
210201
210210
210300
220002
220011
220020
220101
220110
220200
230001
230010
230100
40002
40011
40020
40101
40110
40200
31002
31011
31020
31101
31110
31200
32001
32010
32100
10401
10410
20400
10041
10140
20040
10014
10104
20004
300003
300012
300021
300030
300102
300111
300120
300201
300210
300300
1100013
1100022
1100031
1100103
1100112
1100121
1100130
1100202
1100211
1100220
1100301
1100310
1200003
1200012
1200021
1200030
1200102
1200111
1200120
1200201
1200210
1200300
1300002
1300011
1300020
1300101
1300110
1300200
2100003
2100012
2100021
2100030
2100102
2100111
2100120
2100201
2100210
2100300
2200002
2200011
2200020
2200101
2200110
2200200
2300001
2300010
2300100
400002
400011
400020
400101
400110
400200
310002
310011
310020
310101
310110
310200
320001
320010
320100
301002
301011
301020
301101
301110
301200
302001
302010
302100
100401
100410
200400
100041
100140
200040
100014
100104
200004
3000003
3000012
3000021
3000030
3000102
3000111
3000120
3000201
3000210
3000300
4000002
4000011
4000020
4000101
4000110
4000200
3100002
3100011
3100020
3100101
3100110
3100200
3200001
3200010
3200100
3010002
3010011
3010020
3010101
3010110
3010200
3020001
3020010
3020100
3001002
3001011
3001020
3001101
3001110
3001200
3002001
3002010
3002100
1000401
1000410
2000400
1000041
1000140
2000040
1000014
1000104
2000004
33000
1011003
1011012
1011021
1011030
1012002
1012011
1012020
1013001
1013010
1021002
1021011
1021020
1022001
1022010
1023000
1031001
1031010
1032000
2011002
2011011
2011020
2012001
2012010
2013000
2021001
2021010
2022000
2031000
111003
111012
111021
111030
112002
112011
112020
113001
113010
121002
121011
121020
122001
122010
123000
131001
131010
132000
211002
211011
211020
212001
212010
213000
221001
221010
222000
231000
41001
41010
42000
14001
14010
24000
11040
11004
303000
1101003
1101012
1101021
1101030
1102002
1102011
1102020
1103001
1103010
1201002
1201011
1201020
1202001
1202010
1203000
1301001
1301010
1302000
2101002
2101011
2101020
2102001
2102010
2103000
2201001
2201010
2202000
2301000
401001
401010
402000
311001
311010
312000
321000
104001
104010
204000
101040
101004
3003000
4001001
4001010
4002000
3101001
3101010
3102000
3201000
3011001
3011010
3012000
3021000
1004001
1004010
2004000
1001040
1001004
330000
1110003
1110012
1110021
1110030
1120002
1120011
1120020
1130001
1130010
1210002
1210011
1210020
1220001
1220010
1230000
1310001
1310010
1320000
2110002
2110011
2110020
2120001
2120010
2130000
2210001
2210010
2220000
2310000
410001
410010
420000
140001
140010
240000
110040
110004
3030000
4010001
4010010
4020000
3110001
3110010
3120000
3210000
1040001
1040010
2040000
1010040
1010004
3300000
4100001
4100010
4200000
1400001
1400010
2400000
1100040
1100004
1011102
1011201
1011300
1012101
1012200
1013100
1021101
1021200
1022100
1031100
2011101
2011200
2012100
2021100
111102
111201
111300
112101
112200
113100
121101
121200
122100
131100
211101
211200
212100
221100
41100
14100
11400
1101102
1101201
1101300
1102101
1102200
1103100
1201101
1201200
1202100
1301100
2101101
2101200
2102100
2201100
401100
311100
104100
101400
4001100
3101100
3011100
1004100
1001400
1110102
1110201
1110300
1120101
1120200
1130100
1210101
1210200
1220100
1310100
2110101
2110200
2120100
2210100
410100
140100
110400
4010100
3110100
1040100
1010400
4100100
1400100
1100400
1111002
1112001
1113000
1121001
1122000
1131000
1211001
1212000
1221000
1311000
2111001
2112000
2121000
2211000
411000
141000
114000
4011000
3111000
1041000
1014000
1011111
1012110
1021110
2011110
111111
112110
121110
211110
4101000
1401000
1104000
1101111
1102110
1201110
2101110
4110000
1410000
1140000
1110111
1120110
1210110
2110110
1011120
1011210
111120
111210
1101120
1101210
1110120
1110210
1111020
1112010
1121010
1211010
2111010
1111200
1112100
1121100
1211100
2111100
1111011
1111101
1111110