1
10
100
1000
10000
100000
1000000
13
22
31
103
202
301
1003
2002
3001
10003
20002
30001
100003
200002
300001
1000003
2000002
3000001
4
112
130
220
310
1030
2020
3010
10030
20020
30010
100030
200020
300010
1000030
2000020
3000010
40
121
1300
2200
3100
10300
20200
30100
100300
200200
300100
1000300
2000200
3000100
400
211
13000
22000
31000
103000
202000
301000
1003000
2002000
3001000
4000
1111
2011
2101
2110
130000
220000
310000
1030000
2020000
3010000
40000
10111
20011
20101
20110
1300000
2200000
3100000
400000
100111
200011
200101
200110
4000000
1000111
2000011
2000101
2000110
133
223
232
313
322
331
1033
2023
2032
3013
3022
3031
10033
20023
20032
30013
30022
30031
100033
200023
200032
300013
300022
300031
1000033
2000023
2000032
3000013
3000022
3000031
34
43
124
142
1303
2203
2302
3103
3202
3301
10303
20203
20302
30103
30202
30301
100303
200203
200302
300103
300202
300301
1000303
2000203
2000302
3000103
3000202
3000301
304
403
214
412
13003
22003
23002
31003
32002
33001
103003
202003
203002
301003
302002
303001
1003003
2002003
2003002
3001003
3002002
3003001
3004
4003
1114
2014
2104
2113
3112
130003
220003
230002
310003
320002
330001
1030003
2020003
2030002
3010003
3020002
3030001
30004
40003
10114
20014
20104
20113
30112
1300003
2200003
2300002
3100003
3200002
3300001
300004
400003
100114
200014
200104
200113
300112
3000004
4000003
1000114
2000014
2000104
2000113
3000112
1330
2230
2320
3130
3220
3310
10330
20230
20320
30130
30220
30310
100330
200230
200320
300130
300220
300310
1000330
2000230
2000320
3000130
3000220
3000310
340
430
241
421
13030
22030
23020
31030
32020
33010
103030
202030
203020
301030
302020
303010
1003030
2002030
2003020
3001030
3002020
3003010
3040
4030
1141
2041
2131
2140
3121
130030
220030
230020
310030
320020
330010
1030030
2020030
2030020
3010030
3020020
3030010
30040
40030
10141
20041
20131
20140
30121
1300030
2200030
2300020
3100030
3200020
3300010
300040
400030
100141
200041
200131
200140
300121
3000040
4000030
1000141
2000041
2000131
2000140
3000121
13300
22300
23200
31300
32200
33100
103300
202300
203200
301300
302200
303100
1003300
2002300
2003200
3001300
3002200
3003100
3400
4300
1411
2311
2401
2410
3211
130300
220300
230200
310300
320200
330100
1030300
2020300
2030200
3010300
3020200
3030100
30400
40300
10411
20311
20401
20410
30211
1300300
2200300
2300200
3100300
3200200
3300100
300400
400300
100411
200311
200401
200410
300211
3000400
4000300
1000411
2000311
2000401
2000410
3000211
133000
223000
232000
313000
322000
331000
1033000
2023000
2032000
3013000
3022000
3031000
34000
43000
13111
22111
23011
23101
23110
31111
32011
32101
32110
1303000
2203000
2302000
3103000
3202000
3301000
304000
403000
103111
202111
203011
203101
203110
301111
302011
302101
302110
3004000
4003000
1003111
2002111
2003011
2003101
2003110
3001111
3002011
3002101
3002110
4111
1222
2122
2212
2221
1330000
2230000
2320000
3130000
3220000
3310000
340000
430000
130111
220111
230011
230101
230110
310111
320011
320101
320110
3040000
4030000
1030111
2020111
2030011
2030101
2030110
3010111
3020011
3020101
3020110
40111
10222
20122
20212
20221
3400000
4300000
1300111
2200111
2300011
2300101
2300110
3100111
3200011
3200101
3200110
400111
100222
200122
200212
200221
4000111
1000222
2000122
2000212
2000221
1333
2233
2323
2332
3133
3223
3232
3313
3322
3331
10333
20233
20323
20332
30133
30223
30232
30313
30322
30331
100333
200233
200323
200332
300133
300223
300232
300313
300322
300331
1000333
2000233
2000323
2000332
3000133
3000223
3000232
3000313
3000322
3000331
334
343
433
244
424
442
13033
22033
23023
23032
31033
32023
32032
33013
33022
33031
103033
202033
203023
203032
301033
302023
302032
303013
303022
303031
1003033
2002033
2003023
2003032
3001033
3002023
3002032
3003013
3003022
3003031
3034
3043
4033
1144
2044
2134
2143
3124
3142
130033
220033
230023
230032
310033
320023
320032
330013
330022
330031
1030033
2020033
2030023
2030032
3010033
3020023
3020032
3030013
3030022
3030031
30034
30043
40033
10144
20044
20134
20143
30124
30142
1300033
2200033
2300023
2300032
3100033
3200023
3200032
3300013
3300022
3300031
300034
300043
400033
100144
200044
200134
200143
300124
300142
3000034
3000043
4000033
1000144
2000044
2000134
2000143
3000124
3000142
13303
22303
23203
23302
31303
32203
32302
33103
33202
33301
103303
202303
203203
203302
301303
302203
302302
303103
303202
303301
1003303
2002303
2003203
2003302
3001303
3002203
3002302
3003103
3003202
3003301
3304
3403
4303
1414
2314
2404
2413
3214
3412
130303
220303
230203
230302
310303
320203
320302
330103
330202
330301
1030303
2020303
2030203
2030302
3010303
3020203
3020302
3030103
3030202
3030301
30304
30403
40303
10414
20314
20404
20413
30214
30412
1300303
2200303
2300203
2300302
3100303
3200203
3200302
3300103
3300202
3300301
300304
300403
400303
100414
200314
200404
200413
300214
300412
3000304
3000403
4000303
1000414
2000314
2000404
2000413
3000214
3000412
133003
223003
232003
233002
313003
322003
323002
331003
332002
333001
1033003
2023003
2032003
2033002
3013003
3022003
3023002
3031003
3032002
3033001
33004
34003
43003
13114
22114
23014
23104
23113
31114
32014
32104
32113
33112
1303003
2203003
2302003
2303002
3103003
3202003
3203002
3301003
3302002
3303001
303004
304003
403003
103114
202114
203014
203104
203113
301114
302014
302104
302113
303112
3003004
3004003
4003003
1003114
2002114
2003014
2003104
2003113
3001114
3002014
3002104
3002113
3003112
4114
2224
1330003
2230003
2320003
2330002
3130003
3220003
3230002
3310003
3320002
3330001
330004
340003
430003
130114
220114
230014
230104
230113
310114
320014
320104
320113
330112
3030004
3040003
4030003
1030114
2020114
2030014
2030104
2030113
3010114
3020014
3020104
3020113
3030112
40114
20224
3300004
3400003
4300003
1300114
2200114
2300014
2300104
2300113
3100114
3200014
3200104
3200113
3300112
400114
200224
4000114
2000224
13330
22330
23230
23320
31330
32230
32320
33130
33220
33310
103330
202330
203230
203320
301330
302230
302320
303130
303220
303310
1003330
2002330
2003230
2003320
3001330
3002230
3002320
3003130
3003220
3003310
3340
3430
4330
1441
2341
2431
2440
3241
3421
130330
220330
230230
230320
310330
320230
320320
330130
330220
330310
1030330
2020330
2030230
2030320
3010330
3020230
3020320
3030130
3030220
3030310
30340
30430
40330
10441
20341
20431
20440
30241
30421
1300330
2200330
2300230
2300320
3100330
3200230
3200320
3300130
3300220
3300310
300340
300430
400330
100441
200341
200431
200440
300241
300421
3000340
3000430
4000330
1000441
2000341
2000431
2000440
3000241
3000421
133030
223030
232030
233020
313030
322030
323020
331030
332020
333010
1033030
2023030
2032030
2033020
3013030
3022030
3023020
3031030
3032020
3033010
33040
34030
43030
13141
22141
23041
23131
23140
31141
32041
32131
32140
33121
1303030
2203030
2302030
2303020
3103030
3202030
3203020
3301030
3302020
3303010
303040
304030
403030
103141
202141
203041
203131
203140
301141
302041
302131
302140
303121
3003040
3004030
4003030
1003141
2002141
2003041
2003131
2003140
3001141
3002041
3002131
3002140
3003121
4141
2242
1330030
2230030
2320030
2330020
3130030
3220030
3230020
3310030
3320020
3330010
330040
340030
430030
130141
220141
230041
230131
230140
310141
320041
320131
320140
330121
3030040
3040030
4030030
1030141
2020141
2030041
2030131
2030140
3010141
3020041
3020131
3020140
3030121
40141
20242
3300040
3400030
4300030
1300141
2200141
2300041
2300131
2300140
3100141
3200041
3200131
3200140
3300121
400141
200242
4000141
2000242
133300
223300
232300
233200
313300
322300
323200
331300
332200
333100
1033300
2023300
2032300
2033200
3013300
3022300
3023200
3031300
3032200
3033100
33400
34300
43300
13411
22411
23311
23401
23410
31411
32311
32401
32410
33211
1303300
2203300
2302300
2303200
3103300
3202300
3203200
3301300
3302200
3303100
303400
304300
403300
103411
202411
203311
203401
203410
301411
302311
302401
302410
303211
3003400
3004300
4003300
1003411
2002411
2003311
2003401
2003410
3001411
3002311
3002401
3002410
3003211
4411
2422
1330300
2230300
2320300
2330200
3130300
3220300
3230200
3310300
3320200
3330100
330400
340300
430300
130411
220411
230311
230401
230410
310411
320311
320401
320410
330211
3030400
3040300
4030300
1030411
2020411
2030311
2030401
2030410
3010411
3020311
3020401
3020410
3030211
40411
20422
3300400
3400300
4300300
1300411
2200411
2300311
2300401
2300410
3100411
3200311
3200401
3200410
3300211
400411
200422
4000411
2000422
1333000
2233000
2323000
2332000
3133000
3223000
3232000
3313000
3322000
3331000
334000
343000
433000
133111
223111
232111
233011
233101
233110
313111
322111
323011
323101
323110
331111
332011
332101
332110
3034000
3043000
4033000
1033111
2023111
2032111
2033011
2033101
2033110
3013111
3022111
3023011
3023101
3023110
3031111
3032011
3032101
3032110
34111
43111
13222
22222
23122
23212
23221
31222
32122
32212
32221
3304000
3403000
4303000
1303111
2203111
2302111
2303011
2303101
2303110
3103111
3202111
3203011
3203101
3203110
3301111
3302011
3302101
3302110
304111
403111
103222
202222
203122
203212
203221
301222
302122
302212
302221
3004111
4003111
1003222
2002222
2003122
2003212
2003221
3001222
3002122
3002212
3002221
4222
3340000
3430000
4330000
1330111
2230111
2320111
2330011
2330101
2330110
3130111
3220111
3230011
3230101
3230110
3310111
3320011
3320101
3320110
340111
430111
130222
220222
230122
230212
230221
310222
320122
320212
320221
3040111
4030111
1030222
2020222
2030122
2030212
2030221
3010222
3020122
3020212
3020221
40222
3400111
4300111
1300222
2200222
2300122
2300212
2300221
3100222
3200122
3200212
3200221
400222
4000222