1000003
2000002
100003
200002
10003
20002
1003
2002
103
202
13
22
4
1000030
2000020
100030
200020
10030
20020
1030
2020
130
220
40
31
1000300
2000200
100300
200200
10300
20200
1300
2200
400
310
301
1003000
2002000
103000
202000
13000
22000
4000
3100
3010
3001
1030000
2020000
130000
220000
40000
31000
30100
30010
30001
1300000
2200000
400000
310000
301000
300100
300010
300001
4000000
3100000
3010000
3001000
3000100
3000010
3000001
1000111
2000011
2000101
2000110
100111
200011
200101
200110
10111
20011
20101
20110
1111
2011
2101
2110
211
121
112
1000033
2000023
2000032
100033
200023
200032
10033
20023
20032
1033
2023
2032
133
223
232
43
34
1000303
2000203
2000302
100303
200203
200302
10303
20203
20302
1303
2203
2302
403
313
322
304
1003003
2002003
2003002
103003
202003
203002
13003
22003
23002
4003
3103
3202
3013
3022
3004
1030003
2020003
2030002
130003
220003
230002
40003
31003
32002
30103
30202
30013
30022
30004
1300003
2200003
2300002
400003
310003
320002
301003
302002
300103
300202
300013
300022
300004
4000003
3100003
3200002
3010003
3020002
3001003
3002002
3000103
3000202
3000013
3000022
3000004
1000114
2000014
2000104
2000113
100114
200014
200104
200113
10114
20014
20104
20113
1114
2014
2104
2113
214
124
1000330
2000230
2000320
100330
200230
200320
10330
20230
20320
1330
2230
2320
430
340
331
1003030
2002030
2003020
103030
202030
203020
13030
22030
23020
4030
3130
3220
3040
3031
1030030
2020030
2030020
130030
220030
230020
40030
31030
32020
30130
30220
30040
30031
1300030
2200030
2300020
400030
310030
320020
301030
302020
300130
300220
300040
300031
4000030
3100030
3200020
3010030
3020020
3001030
3002020
3000130
3000220
3000040
3000031
1000141
2000041
2000131
2000140
100141
200041
200131
200140
10141
20041
20131
20140
1141
2041
2131
2140
241
142
1003300
2002300
2003200
103300
202300
203200
13300
22300
23200
4300
3400
3310
3301
1030300
2020300
2030200
130300
220300
230200
40300
31300
32200
30400
30310
30301
1300300
2200300
2300200
400300
310300
320200
301300
302200
300400
300310
300301
4000300
3100300
3200200
3010300
3020200
3001300
3002200
3000400
3000310
3000301
1000411
2000311
2000401
2000410
100411
200311
200401
200410
10411
20311
20401
20410
1411
2311
2401
2410
421
412
1033000
2023000
2032000
133000
223000
232000
43000
34000
33100
33010
33001
1303000
2203000
2302000
403000
313000
322000
304000
303100
303010
303001
4003000
3103000
3202000
3013000
3022000
3004000
3003100
3003010
3003001
1003111
2002111
2003011
2003101
2003110
103111
202111
203011
203101
203110
13111
22111
23011
23101
23110
4111
3211
3121
3112
1330000
2230000
2320000
430000
340000
331000
330100
330010
330001
4030000
3130000
3220000
3040000
3031000
3030100
3030010
3030001
1030111
2020111
2030011
2030101
2030110
130111
220111
230011
230101
230110
40111
31111
32011
32101
32110
30211
30121
30112
4300000
3400000
3310000
3301000
3300100
3300010
3300001
1300111
2200111
2300011
2300101
2300110
400111
310111
320011
320101
320110
301111
302011
302101
302110
300211
300121
300112
4000111
3100111
3200011
3200101
3200110
3010111
3020011
3020101
3020110
3001111
3002011
3002101
3002110
3000211
3000121
3000112
1000222
2000122
2000212
2000221
100222
200122
200212
200221
10222
20122
20212
20221
1222
2122
2212
2221
1000333
2000233
2000323
2000332
100333
200233
200323
200332
10333
20233
20323
20332
1333
2233
2323
2332
433
343
334
1003033
2002033
2003023
2003032
103033
202033
203023
203032
13033
22033
23023
23032
4033
3133
3223
3232
3043
3034
1030033
2020033
2030023
2030032
130033
220033
230023
230032
40033
31033
32023
32032
30133
30223
30232
30043
30034
1300033
2200033
2300023
2300032
400033
310033
320023
320032
301033
302023
302032
300133
300223
300232
300043
300034
4000033
3100033
3200023
3200032
3010033
3020023
3020032
3001033
3002023
3002032
3000133
3000223
3000232
3000043
3000034
1000144
2000044
2000134
2000143
100144
200044
200134
200143
10144
20044
20134
20143
1144
2044
2134
2143
244
1003303
2002303
2003203
2003302
103303
202303
203203
203302
13303
22303
23203
23302
4303
3403
3313
3322
3304
1030303
2020303
2030203
2030302
130303
220303
230203
230302
40303
31303
32203
32302
30403
30313
30322
30304
1300303
2200303
2300203
2300302
400303
310303
320203
320302
301303
302203
302302
300403
300313
300322
300304
4000303
3100303
3200203
3200302
3010303
3020203
3020302
3001303
3002203
3002302
3000403
3000313
3000322
3000304
1000414
2000314
2000404
2000413
100414
200314
200404
200413
10414
20314
20404
20413
1414
2314
2404
2413
424
1033003
2023003
2032003
2033002
133003
223003
232003
233002
43003
34003
33103
33202
33013
33022
33004
1303003
2203003
2302003
2303002
403003
313003
322003
323002
304003
303103
303202
303013
303022
303004
4003003
3103003
3202003
3203002
3013003
3022003
3023002
3004003
3003103
3003202
3003013
3003022
3003004
1003114
2002114
2003014
2003104
2003113
103114
202114
203014
203104
203113
13114
22114
23014
23104
23113
4114
3214
3124
1330003
2230003
2320003
2330002
430003
340003
331003
332002
330103
330202
330013
330022
330004
4030003
3130003
3220003
3230002
3040003
3031003
3032002
3030103
3030202
3030013
3030022
3030004
1030114
2020114
2030014
2030104
2030113
130114
220114
230014
230104
230113
40114
31114
32014
32104
32113
30214
30124
4300003
3400003
3310003
3320002
3301003
3302002
3300103
3300202
3300013
3300022
3300004
1300114
2200114
2300014
2300104
2300113
400114
310114
320014
320104
320113
301114
302014
302104
302113
300214
300124
4000114
3100114
3200014
3200104
3200113
3010114
3020014
3020104
3020113
3001114
3002014
3002104
3002113
3000214
3000124
2000224
200224
20224
2224
1003330
2002330
2003230
2003320
103330
202330
203230
203320
13330
22330
23230
23320
4330
3430
3340
3331
1030330
2020330
2030230
2030320
130330
220330
230230
230320
40330
31330
32230
32320
30430
30340
30331
1300330
2200330
2300230
2300320
400330
310330
320230
320320
301330
302230
302320
300430
300340
300331
4000330
3100330
3200230
3200320
3010330
3020230
3020320
3001330
3002230
3002320
3000430
3000340
3000331
1000441
2000341
2000431
2000440
100441
200341
200431
200440
10441
20341
20431
20440
1441
2341
2431
2440
442
1033030
2023030
2032030
2033020
133030
223030
232030
233020
43030
34030
33130
33220
33040
33031
1303030
2203030
2302030
2303020
403030
313030
322030
323020
304030
303130
303220
303040
303031
4003030
3103030
3202030
3203020
3013030
3022030
3023020
3004030
3003130
3003220
3003040
3003031
1003141
2002141
2003041
2003131
2003140
103141
202141
203041
203131
203140
13141
22141
23041
23131
23140
4141
3241
3142
1330030
2230030
2320030
2330020
430030
340030
331030
332020
330130
330220
330040
330031
4030030
3130030
3220030
3230020
3040030
3031030
3032020
3030130
3030220
3030040
3030031
1030141
2020141
2030041
2030131
2030140
130141
220141
230041
230131
230140
40141
31141
32041
32131
32140
30241
30142
4300030
3400030
3310030
3320020
3301030
3302020
3300130
3300220
3300040
3300031
1300141
2200141
2300041
2300131
2300140
400141
310141
320041
320131
320140
301141
302041
302131
302140
300241
300142
4000141
3100141
3200041
3200131
3200140
3010141
3020041
3020131
3020140
3001141
3002041
3002131
3002140
3000241
3000142
2000242
200242
20242
2242
1033300
2023300
2032300
2033200
133300
223300
232300
233200
43300
34300
33400
33310
33301
1303300
2203300
2302300
2303200
403300
313300
322300
323200
304300
303400
303310
303301
4003300
3103300
3202300
3203200
3013300
3022300
3023200
3004300
3003400
3003310
3003301
1003411
2002411
2003311
2003401
2003410
103411
202411
203311
203401
203410
13411
22411
23311
23401
23410
4411
3421
3412
1330300
2230300
2320300
2330200
430300
340300
331300
332200
330400
330310
330301
4030300
3130300
3220300
3230200
3040300
3031300
3032200
3030400
3030310
3030301
1030411
2020411
2030311
2030401
2030410
130411
220411
230311
230401
230410
40411
31411
32311
32401
32410
30421
30412
4300300
3400300
3310300
3320200
3301300
3302200
3300400
3300310
3300301
1300411
2200411
2300311
2300401
2300410
400411
310411
320311
320401
320410
301411
302311
302401
302410
300421
300412
4000411
3100411
3200311
3200401
3200410
3010411
3020311
3020401
3020410
3001411
3002311
3002401
3002410
3000421
3000412
2000422
200422
20422
2422
1333000
2233000
2323000
2332000
433000
343000
334000
333100
333010
333001
4033000
3133000
3223000
3232000
3043000
3034000
3033100
3033010
3033001
1033111
2023111
2032111
2033011
2033101
2033110
133111
223111
232111
233011
233101
233110
43111
34111
33211
33121
33112
4303000
3403000
3313000
3322000
3304000
3303100
3303010
3303001
1303111
2203111
2302111
2303011
2303101
2303110
403111
313111
322111
323011
323101
323110
304111
303211
303121
303112
4003111
3103111
3202111
3203011
3203101
3203110
3013111
3022111
3023011
3023101
3023110
3004111
3003211
3003121
3003112
1003222
2002222
2003122
2003212
2003221
103222
202222
203122
203212
203221
13222
22222
23122
23212
23221
4222
4330000
3430000
3340000
3331000
3330100
3330010
3330001
1330111
2230111
2320111
2330011
2330101
2330110
430111
340111
331111
332011
332101
332110
330211
330121
330112
4030111
3130111
3220111
3230011
3230101
3230110
3040111
3031111
3032011
3032101
3032110
3030211
3030121
3030112
1030222
2020222
2030122
2030212
2030221
130222
220222
230122
230212
230221
40222
31222
32122
32212
32221
4300111
3400111
3310111
3320011
3320101
3320110
3301111
3302011
3302101
3302110
3300211
3300121
3300112
1300222
2200222
2300122
2300212
2300221
400222
310222
320122
320212
320221
301222
302122
302212
302221
4000222
3100222
3200122
3200212
3200221
3010222
3020122
3020212
3020221
3001222
3002122
3002212
3002221
1003333
2002333
2003233
2003323
2003332
103333
202333
203233
203323
203332
13333
22333
23233
23323
23332
4333
3433
3343
3334
1030333
2020333
2030233
2030323
2030332
130333
220333
230233
230323
230332
40333
31333
32233
32323
32332
30433
30343
30334
1300333
2200333
2300233
2300323
2300332
400333
310333
320233
320323
320332
301333
302233
302323
302332
300433
300343
300334
4000333
3100333
3200233
3200323
3200332
3010333
3020233
3020323
3020332
3001333
3002233
3002323
3002332
3000433
3000343
3000334
1000444
2000344
2000434
2000443
100444
200344
200434
200443
10444
20344
20434
20443
1444
2344
2434
2443
1033033
2023033
2032033
2033023
2033032
133033
223033
232033
233023
233032
43033
34033
33133
33223
33232
33043
33034
1303033
2203033
2302033
2303023
2303032
403033
313033
322033
323023
323032
304033
303133
303223
303232
303043
303034
4003033
3103033
3202033
3203023
3203032
3013033
3022033
3023023
3023032
3004033
3003133
3003223
3003232
3003043
3003034
1003144
2002144
2003044
2003134
2003143
103144
202144
203044
203134
203143
13144
22144
23044
23134
23143
4144
3244
1330033
2230033
2320033
2330023
2330032
430033
340033
331033
332023
332032
330133
330223
330232
330043
330034
4030033
3130033
3220033
3230023
3230032
3040033
3031033
3032023
3032032
3030133
3030223
3030232
3030043
3030034
1030144
2020144
2030044
2030134
2030143
130144
220144
230044
230134
230143
40144
31144
32044
32134
32143
30244
4300033
3400033
3310033
3320023
3320032
3301033
3302023
3302032
3300133
3300223
3300232
3300043
3300034
1300144
2200144
2300044
2300134
2300143
400144
310144
320044
320134
320143
301144
302044
302134
302143
300244
4000144
3100144
3200044
3200134
3200143
3010144
3020044
3020134
3020143
3001144
3002044
3002134
3002143
3000244
1033303
2023303
2032303
2033203
2033302
133303
223303
232303
233203
233302
43303
34303
33403
33313
33322
33304
1303303
2203303
2302303
2303203
2303302
403303
313303
322303
323203
323302
304303
303403
303313
303322
303304
4003303
3103303
3202303
3203203
3203302
3013303
3022303
3023203
3023302
3004303
3003403
3003313
3003322
3003304
1003414
2002414
2003314
2003404
2003413
103414
202414
203314
203404
203413
13414
22414
23314
23404
23413
4414
3424
1330303
2230303
2320303
2330203
2330302
430303
340303
331303
332203
332302
330403
330313
330322
330304
4030303
3130303
3220303
3230203
3230302
3040303
3031303
3032203
3032302
3030403
3030313
3030322
3030304
1030414
2020414
2030314
2030404
2030413
130414
220414
230314
230404
230413
40414
31414
32314
32404
32413
30424
4300303
3400303
3310303
3320203
3320302
3301303
3302203
3302302
3300403
3300313
3300322
3300304
1300414
2200414
2300314
2300404
2300413
400414
310414
320314
320404
320413
301414
302314
302404
302413
300424
4000414
3100414
3200314
3200404
3200413
3010414
3020314
3020404
3020413
3001414
3002314
3002404
3002413
3000424
1333003
2233003
2323003
2332003
2333002
433003
343003
334003
333103
333202
333013
333022
333004
4033003
3133003
3223003
3232003
3233002
3043003
3034003
3033103
3033202
3033013
3033022
3033004
1033114
2023114
2032114
2033014
2033104
2033113
133114
223114
232114
233014
233104
233113
43114
34114
33214
33124
4303003
3403003
3313003
3322003
3323002
3304003
3303103
3303202
3303013
3303022
3303004
1303114
2203114
2302114
2303014
2303104
2303113
403114
313114
322114
323014
323104
323113
304114
303214
303124
4003114
3103114
3202114
3203014
3203104
3203113
3013114
3022114
3023014
3023104
3023113
3004114
3003214
3003124
2003224
203224
23224
4330003
3430003
3340003
3331003
3332002
3330103
3330202
3330013
3330022
3330004
1330114
2230114
2320114
2330014
2330104
2330113
430114
340114
331114
332014
332104
332113
330214
330124
4030114
3130114
3220114
3230014
3230104
3230113
3040114
3031114
3032014
3032104
3032113
3030214
3030124
2030224
230224
32224
4300114
3400114
3310114
3320014
3320104
3320113
3301114
3302014
3302104
3302113
3300214
3300124
2300224
320224
302224
3200224
3020224
3002224
1033330
2023330
2032330
2033230
2033320
133330
223330
232330
233230
233320
43330
34330
33430
33340
33331
1303330
2203330
2302330
2303230
2303320
403330
313330
322330
323230
323320
304330
303430
303340
303331
4003330
3103330
3202330
3203230
3203320
3013330
3022330
3023230
3023320
3004330
3003430
3003340
3003331
1003441
2002441
2003341
2003431
2003440
103441
202441
203341
203431
203440
13441
22441
23341
23431
23440
4441
3442
1330330
2230330
2320330
2330230
2330320
430330
340330
331330
332230
332320
330430
330340
330331
4030330
3130330
3220330
3230230
3230320
3040330
3031330
3032230
3032320
3030430
3030340
3030331
1030441
2020441
2030341
2030431
2030440
130441
220441
230341
230431
230440
40441
31441
32341
32431
32440
30442
4300330
3400330
3310330
3320230
3320320
3301330
3302230
3302320
3300430
3300340
3300331
1300441
2200441
2300341
2300431
2300440
400441
310441
320341
320431
320440
301441
302341
302431
302440
300442
4000441
3100441
3200341
3200431
3200440
3010441
3020341
3020431
3020440
3001441
3002341
3002431
3002440
3000442
1333030
2233030
2323030
2332030
2333020
433030
343030
334030
333130
333220
333040
333031
4033030
3133030
3223030
3232030
3233020
3043030
3034030
3033130
3033220
3033040
3033031
1033141
2023141
2032141
2033041
2033131
2033140
133141
223141
232141
233041
233131
233140
43141
34141
33241
33142
4303030
3403030
3313030
3322030
3323020
3304030
3303130
3303220
3303040
3303031
1303141
2203141
2302141
2303041
2303131
2303140
403141
313141
322141
323041
323131
323140
304141
303241
303142
4003141
3103141
3202141
3203041
3203131
3203140
3013141
3022141
3023041
3023131
3023140
3004141
3003241
3003142
2003242
203242
23242
4330030
3430030
3340030
3331030
3332020
3330130
3330220
3330040
3330031
1330141
2230141
2320141
2330041
2330131
2330140
430141
340141
331141
332041
332131
332140
330241
330142
4030141
3130141
3220141
3230041
3230131
3230140
3040141
3031141
3032041
3032131
3032140
3030241
3030142
2030242
230242
32242
4300141
3400141
3310141
3320041
3320131
3320140
3301141
3302041
3302131
3302140
3300241
3300142
2300242
320242
302242
3200242
3020242
3002242
1333300
2233300
2323300
2332300
2333200
433300
343300
334300
333400
333310
333301
4033300
3133300
3223300
3232300
3233200
3043300
3034300
3033400
3033310
3033301
1033411
2023411
2032411
2033311
2033401
2033410
133411
223411
232411
233311
233401
233410
43411
34411
33421
33412
4303300
3403300
3313300
3322300
3323200
3304300
3303400
3303310
3303301
1303411
2203411
2302411
2303311
2303401
2303410
403411
313411
322411
323311
323401
323410
304411
303421
303412
4003411
3103411
3202411
3203311
3203401
3203410
3013411
3022411
3023311
3023401
3023410
3004411
3003421
3003412
2003422
203422
23422
4330300
3430300
3340300
3331300
3332200
3330400
3330310
3330301
1330411
2230411
2320411
2330311
2330401
2330410
430411
340411
331411
332311
332401
332410
330421
330412
4030411
3130411
3220411
3230311
3230401
3230410
3040411
3031411
3032311
3032401
3032410
3030421
3030412
2030422
230422
32422
4300411
3400411
3310411
3320311
3320401
3320410
3301411
3302311
3302401
3302410
3300421
3300412
2300422
320422
302422
3200422
3020422
3002422
4333000
3433000
3343000
3334000
3333100
3333010
3333001
1333111
2233111
2323111
2332111
2333011
2333101
2333110
433111
343111
334111
333211
333121
333112
4033111
3133111
3223111
3232111
3233011
3233101
3233110
3043111
3034111
3033211
3033121
3033112
1033222
2023222
2032222
2033122
2033212
2033221
133222
223222
232222
233122
233212
233221
43222
34222
4303111
3403111
3313111
3322111
3323011
3323101
3323110
3304111
3303211
3303121
3303112
1303222
2203222
2302222
2303122
2303212
2303221
403222
313222
322222
323122
323212
323221
304222
4003222
3103222
3202222
3203122
3203212
3203221
3013222
3022222
3023122
3023212
3023221
3004222
4330111
3430111
3340111
3331111
3332011
3332101
3332110
3330211
3330121
3330112
1330222
2230222
2320222
2330122
2330212
2330221
430222
340222
331222
332122
332212
332221
4030222
3130222
3220222
3230122
3230212
3230221
3040222
3031222
3032122
3032212
3032221
4300222
3400222
3310222
3320122
3320212
3320221
3301222
3302122
3302212
3302221
1000000
100000
10000
1000
100
10
1