3
12
21
30
102
111
120
201
210
300
1002
1011
1020
2001
2010
3000
10002
10011
10020
20001
20010
30000
100002
100011
100020
200001
200010
300000
1000002
1000011
1000020
2000001
2000010
3000000
1101
1200
2100
10101
10200
20100
100101
100200
200100
1000101
1000200
2000100
11001
12000
21000
101001
102000
201000
1001001
1002000
2001000
1110
110001
120000
210000
1010001
1020000
2010000
10110
1100001
1200000
2100000
100110
1000110
11010
101010
1001010
110010
1010010
1100010
11100
101100
1001100
110100
1010100
1100100
111000
1011000
1101000
1110000
33
123
132
213
222
231
303
312
321
330
1023
1032
1113
1122
1131
1203
1212
1221
1230
1302
1311
1320
2013
2022
2031
2103
2112
2121
2130
2202
2211
2220
2301
2310
3003
3012
3021
3030
3102
3111
3120
3201
3210
3300
10023
10032
10113
10122
10131
10203
10212
10221
10230
10302
10311
10320
20013
20022
20031
20103
20112
20121
20130
20202
20211
20220
20301
20310
30003
30012
30021
30030
30102
30111
30120
30201
30210
30300
100023
100032
100113
100122
100131
100203
100212
100221
100230
100302
100311
100320
200013
200022
200031
200103
200112
200121
200130
200202
200211
200220
200301
200310
300003
300012
300021
300030
300102
300111
300120
300201
300210
300300
1000023
1000032
1000113
1000122
1000131
1000203
1000212
1000221
1000230
1000302
1000311
1000320
2000013
2000022
2000031
2000103
2000112
2000121
2000130
2000202
2000211
2000220
2000301
2000310
3000003
3000012
3000021
3000030
3000102
3000111
3000120
3000201
3000210
3000300
24
114
204
42
141
240
402
411
420
11013
11022
11031
12003
12012
12021
12030
13002
13011
13020
21003
21012
21021
21030
22002
22011
22020
23001
23010
31002
31011
31020
32001
32010
33000
101013
101022
101031
102003
102012
102021
102030
103002
103011
103020
201003
201012
201021
201030
202002
202011
202020
203001
203010
301002
301011
301020
302001
302010
303000
1001013
1001022
1001031
1002003
1002012
1002021
1002030
1003002
1003011
1003020
2001003
2001012
2001021
2001030
2002002
2002011
2002020
2003001
2003010
3001002
3001011
3001020
3002001
3002010
3003000
1014
2004
1041
2040
4002
4011
4020
1104
1140
110013
110022
110031
120003
120012
120021
120030
130002
130011
130020
210003
210012
210021
210030
220002
220011
220020
230001
230010
310002
310011
310020
320001
320010
330000
1010013
1010022
1010031
1020003
1020012
1020021
1020030
1030002
1030011
1030020
2010003
2010012
2010021
2010030
2020002
2020011
2020020
2030001
2030010
3010002
3010011
3010020
3020001
3020010
3030000
10014
20004
10041
20040
40002
40011
40020
10104
10140
1100013
1100022
1100031
1200003
1200012
1200021
1200030
1300002
1300011
1300020
2100003
2100012
2100021
2100030
2200002
2200011
2200020
2300001
2300010
3100002
3100011
3100020
3200001
3200010
3300000
100014
200004
100041
200040
400002
400011
400020
100104
100140
1000014
2000004
1000041
2000040
4000002
4000011
4000020
1000104
1000140
11103
11202
11301
12102
12201
12300
13101
13200
21102
21201
21300
22101
22200
23100
31101
31200
32100
101103
101202
101301
102102
102201
102300
103101
103200
201102
201201
201300
202101
202200
203100
301101
301200
302100
1001103
1001202
1001301
1002102
1002201
1002300
1003101
1003200
2001102
2001201
2001300
2002101
2002200
2003100
3001101
3001200
3002100
1401
2400
4101
4200
1410
110103
110202
110301
120102
120201
120300
130101
130200
210102
210201
210300
220101
220200
230100
310101
310200
320100
1010103
1010202
1010301
1020102
1020201
1020300
1030101
1030200
2010102
2010201
2010300
2020101
2020200
2030100
3010101
3010200
3020100
10401
20400
40101
40200
10410
1100103
1100202
1100301
1200102
1200201
1200300
1300101
1300200
2100102
2100201
2100300
2200101
2200200
2300100
3100101
3100200
3200100
100401
200400
400101
400200
100410
1000401
2000400
4000101
4000200
1000410
111003
112002
113001
121002
122001
123000
131001
132000
211002
212001
213000
221001
222000
231000
311001
312000
321000
1011003
1012002
1013001
1021002
1022001
1023000
1031001
1032000
2011002
2012001
2013000
2021001
2022000
2031000
3011001
3012000
3021000
11004
14001
24000
41001
42000
11112
12111
13110
21111
22110
31110
1101003
1102002
1103001
1201002
1202001
1203000
1301001
1302000
2101002
2102001
2103000
2201001
2202000
2301000
3101001
3102000
3201000
101004
104001
204000
401001
402000
101112
102111
103110
201111
202110
301110
1001004
1004001
2004000
4001001
4002000
1001112
1002111
1003110
2001111
2002110
3001110
4110
1110003
1120002
1130001
1210002
1220001
1230000
1310001
1320000
2110002
2120001
2130000
2210001
2220000
2310000
3110001
3120000
3210000
110004
140001
240000
410001
420000
110112
120111
130110
210111
220110
310110
1010004
1040001
2040000
4010001
4020000
1010112
1020111
1030110
2010111
2020110
3010110
40110
1100004
1400001
2400000
4100001
4200000
1100112
1200111
1300110
2100111
2200110
3100110
400110
4000110
11130
11220
11310
12120
12210
21120
21210
101130
101220
101310
102120
102210
201120
201210
1001130
1001220
1001310
1002120
1002210
2001120
2001210
110130
110220
110310
120120
120210
210120
210210
1010130
1010220
1010310
1020120
1020210
2010120
2010210
1100130
1100220
1100310
1200120
1200210
2100120
2100210
111030
112020
113010
121020
122010
131010
211020
212010
221010
311010
1011030
1012020
1013010
1021020
1022010
1031010
2011020
2012010
2021010
3011010
11040
14010
41010
11121
1101030
1102020
1103010
1201020
1202010
1301010
2101020
2102010
2201010
3101010
101040
104010
401010
101121
1001040
1004010
4001010
1001121
1110030
1120020
1130010
1210020
1220010
1310010
2110020
2120010
2210010
3110010
110040
140010
410010
110121
1010040
1040010
4010010
1010121
1100040
1400010
4100010
1100121
111300
112200
113100
121200
122100
131100
211200
212100
221100
311100
1011300
1012200
1013100
1021200
1022100
1031100
2011200
2012100
2021100
3011100
11400
14100
41100
11211
1101300
1102200
1103100
1201200
1202100
1301100
2101200
2102100
2201100
3101100
101400
104100
401100
101211
1001400
1004100
4001100
1001211
1110300
1120200
1130100
1210200
1220100
1310100
2110200
2120100
2210100
3110100
110400
140100
410100
110211
1010400
1040100
4010100
1010211
1100400
1400100
4100100
1100211
1113000
1122000
1131000
1212000
1221000
1311000
2112000
2121000
2211000
3111000
114000
141000
411000
111111
112011
112101
112110
121011
121101
121110
211011
211101
211110
1014000
1041000
4011000
1011111
1012011
1012101
1012110
1021011
1021101
1021110
2011011
2011101
2011110
1104000
1401000
4101000
1101111
1102011
1102101
1102110
1201011
1201101
1201110
2101011
2101101
2101110
1140000
1410000
4110000
1110111
1120011
1120101
1120110
1210011
1210101
1210110
2110011
2110101
2110110