1
10
100
1000
10000
100000
1000000
13
22
31
103
112
121
130
202
211
220
301
310
1003
1012
1021
1030
1102
1111
1120
1201
1210
1300
2002
2011
2020
2101
2110
2200
3001
3010
3100
10003
10012
10021
10030
10102
10111
10120
10201
10210
10300
20002
20011
20020
20101
20110
20200
30001
30010
30100
100003
100012
100021
100030
100102
100111
100120
100201
100210
100300
200002
200011
200020
200101
200110
200200
300001
300010
300100
1000003
1000012
1000021
1000030
1000102
1000111
1000120
1000201
1000210
1000300
2000002
2000011
2000020
2000101
2000110
2000200
3000001
3000010
3000100
4
40
400
11002
11011
11020
12001
12010
13000
21001
21010
22000
31000
101002
101011
101020
102001
102010
103000
201001
201010
202000
301000
1001002
1001011
1001020
1002001
1002010
1003000
2001001
2001010
2002000
3001000
4000
110002
110011
110020
120001
120010
130000
210001
210010
220000
310000
1010002
1010011
1010020
1020001
1020010
1030000
2010001
2010010
2020000
3010000
40000
1100002
1100011
1100020
1200001
1200010
1300000
2100001
2100010
2200000
3100000
400000
4000000
11101
11200
12100
21100
101101
101200
102100
201100
1001101
1001200
1002100
2001100
110101
110200
120100
210100
1010101
1010200
1020100
2010100
1100101
1100200
1200100
2100100
111001
112000
121000
211000
1011001
1012000
1021000
2011000
11110
1101001
1102000
1201000
2101000
101110
1001110
1110001
1120000
1210000
2110000
110110
1010110
1100110
111010
1011010
1101010
1110010
111100
1011100
1101100
1110100
1111000