1
1000000
100000
10000
1000
100
10
13
22
31
1000003
1000012
1000021
1000030
2000002
2000011
2000020
100003
100012
100021
100030
200002
200011
200020
10003
10012
10021
10030
20002
20011
20020
1003
1012
1021
1030
2002
2011
2020
103
112
121
130
202
211
220
40
4
301
1000102
1000201
1000300
2000101
2000200
100102
100201
100300
200101
200200
10102
10201
10300
20101
20200
1102
1201
1300
2101
2200
400
310
3001
1001002
1002001
1003000
2001001
2002000
101002
102001
103000
201001
202000
11002
12001
13000
21001
22000
4000
3100
3010
30001
1010002
1020001
1030000
2010001
2020000
110002
120001
130000
210001
220000
40000
31000
30100
30010
300001
1100002
1200001
1300000
2100001
2200000
400000
310000
301000
300100
300010
3000001
4000000
3100000
3010000
3001000
3000100
3000010
1000111
2000110
100111
200110
10111
20110
1111
2110
1000120
1000210
100120
100210
10120
10210
1120
1210
1001020
1002010
2001010
101020
102010
201010
11020
12010
21010
1010020
1020010
2010010
110020
120010
210010
1100020
1200010
2100010
1001200
1002100
2001100
101200
102100
201100
11200
12100
21100
1010200
1020100
2010100
110200
120100
210100
1100200
1200100
2100100
1012000
1021000
2011000
112000
121000
211000
1102000
1201000
2101000
1001011
1001101
1001110
101011
101101
101110
11011
11101
11110
1120000
1210000
2110000
1010011
1010101
1010110
110011
110101
110110
1100011
1100101
1100110
133
223
232
313
322
331
1000033
1000123
1000132
1000213
1000222
1000231
1000303
1000312
1000321
1000330
2000023
2000032
2000113
2000122
2000131
2000203
2000212
2000221
2000230
2000302
2000311
2000320
100033
100123
100132
100213
100222
100231
100303
100312
100321
100330
200023
200032
200113
200122
200131
200203
200212
200221
200230
200302
200311
200320
10033
10123
10132
10213
10222
10231
10303
10312
10321
10330
20023
20032
20113
20122
20131
20203
20212
20221
20230
20302
20311
20320
1033
1123
1132
1213
1222
1231
1303
1312
1321
1330
2023
2032
2113
2122
2131
2203
2212
2221
2230
2302
2311
2320
403
412
421
430
43
142
241
340
34
124
214
304
3013
3022
3031
1001023
1001032
1002013
1002022
1002031
1003003
1003012
1003021
1003030
2001013
2001022
2001031
2002003
2002012
2002021
2002030
2003002
2003011
2003020
101023
101032
102013
102022
102031
103003
103012
103021
103030
201013
201022
201031
202003
202012
202021
202030
203002
203011
203020
11023
11032
12013
12022
12031
13003
13012
13021
13030
21013
21022
21031
22003
22012
22021
22030
23002
23011
23020
4003
4012
4021
4030
3103
3112
3121
3130
3202
3211
3220
1042
2041
3040
1024
2014
3004
30013
30022
30031
1010023
1010032
1020013
1020022
1020031
1030003
1030012
1030021
1030030
2010013
2010022
2010031
2020003
2020012
2020021
2020030
2030002
2030011
2030020
110023
110032
120013
120022
120031
130003
130012
130021
130030
210013
210022
210031
220003
220012
220021
220030
230002
230011
230020
40003
40012
40021
40030
31003
31012
31021
31030
32002
32011
32020
30103
30112
30121
30130
30202
30211
30220
10042
20041
30040
10024
20014
30004
300013
300022
300031
1100023
1100032
1200013
1200022
1200031
1300003
1300012
1300021
1300030
2100013
2100022
2100031
2200003
2200012
2200021
2200030
2300002
2300011
2300020
400003
400012
400021
400030
310003
310012
310021
310030
320002
320011
320020
301003
301012
301021
301030
302002
302011
302020
300103
300112
300121
300130
300202
300211
300220
100042
200041
300040
100024
200014
300004
3000013
3000022
3000031
4000003
4000012
4000021
4000030
3100003
3100012
3100021
3100030
3200002
3200011
3200020
3010003
3010012
3010021
3010030
3020002
3020011
3020020
3001003
3001012
3001021
3001030
3002002
3002011
3002020
3000103
3000112
3000121
3000130
3000202
3000211
3000220
1000042
2000041
3000040
1000024
2000014
3000004
1000114
1000141
2000104
2000140
100114
100141
200104
200140
10114
10141
20104
20140
1114
1141
2104
2140
3301
1001203
1001302
1002103
1002202
1002301
1003102
1003201
1003300
2001103
2001202
2001301
2002102
2002201
2002300
2003101
2003200
101203
101302
102103
102202
102301
103102
103201
103300
201103
201202
201301
202102
202201
202300
203101
203200
11203
11302
12103
12202
12301
13102
13201
13300
21103
21202
21301
22102
22201
22300
23101
23200
4102
4201
4300
1402
2401
3400
3310
1204
30301
1010203
1010302
1020103
1020202
1020301
1030102
1030201
1030300
2010103
2010202
2010301
2020102
2020201
2020300
2030101
2030200
110203
110302
120103
120202
120301
130102
130201
130300
210103
210202
210301
220102
220201
220300
230101
230200
40102
40201
40300
31102
31201
31300
32101
32200
10402
20401
30400
30310
10204
300301
1100203
1100302
1200103
1200202
1200301
1300102
1300201
1300300
2100103
2100202
2100301
2200102
2200201
2200300
2300101
2300200
400102
400201
400300
310102
310201
310300
320101
320200
301102
301201
301300
302101
302200
100402
200401
300400
300310
100204
3000301
4000102
4000201
4000300
3100102
3100201
3100300
3200101
3200200
3010102
3010201
3010300
3020101
3020200
3001102
3001201
3001300
3002101
3002200
1000402
2000401
3000400
3000310
1000204
1000411
2000410
100411
200410
10411
20410
1411
2410
33001
1012003
1013002
1021003
1022002
1023001
1031002
1032001
1033000
2011003
2012002
2013001
2021002
2022001
2023000
2031001
2032000
112003
113002
121003
122002
123001
131002
132001
133000
211003
212002
213001
221002
222001
223000
231001
232000
41002
42001
43000
14002
24001
34000
33100
33010
12004
21004
303001
1102003
1103002
1201003
1202002
1203001
1301002
1302001
1303000
2101003
2102002
2103001
2201002
2202001
2203000
2301001
2302000
401002
402001
403000
311002
312001
313000
321001
322000
104002
204001
304000
303100
303010
102004
201004
3003001
4001002
4002001
4003000
3101002
3102001
3103000
3201001
3202000
3011002
3012001
3013000
3021001
3022000
1004002
2004001
3004000
3003100
3003010
1002004
2001004
1001014
1001104
1001113
1002112
1003111
2001112
2002111
2003110
101014
101104
101113
102112
103111
201112
202111
203110
11014
11104
11113
12112
13111
21112
22111
23110
4111
330001
1120003
1130002
1210003
1220002
1230001
1310002
1320001
1330000
2110003
2120002
2130001
2210002
2220001
2230000
2310001
2320000
410002
420001
430000
140002
240001
340000
331000
330100
330010
120004
210004
3030001
4010002
4020001
4030000
3110002
3120001
3130000
3210001
3220000
1040002
2040001
3040000
3031000
3030100
3030010
1020004
2010004
1010014
1010104
1010113
1020112
1030111
2010112
2020111
2030110
110014
110104
110113
120112
130111
210112
220111
230110
40111
31111
32110
3300001
4100002
4200001
4300000
1400002
2400001
3400000
3310000
3301000
3300100
3300010
1200004
2100004
1100014
1100104
1100113
1200112
1300111
2100112
2200111
2300110
400111
310111
320110
301111
302110
4000111
3100111
3200110
3010111
3020110
3001111
3002110
1001230
1001320
1002130
1002220
1002310
1003120
1003210
2001130
2001220
2001310
2002120
2002210
101230
101320
102130
102220
102310
103120
103210
201130
201220
201310
202120
202210
11230
11320
12130
12220
12310
13120
13210
21130
21220
21310
22120
22210
4120
4210
1420
1240
1010230
1010320
1020130
1020220
1020310
1030120
1030210
2010130
2010220
2010310
2020120
2020210
110230
110320
120130
120220
120310
130120
130210
210130
210220
210310
220120
220210
40120
40210
31120
31210
10420
10240
1100230
1100320
1200130
1200220
1200310
1300120
1300210
2100130
2100220
2100310
2200120
2200210
400120
400210
310120
310210
301120
301210
100420
100240
4000120
4000210
3100120
3100210
3010120
3010210
3001120
3001210
1000420
1000240
1012030
1013020
1021030
1022020
1023010
1031020
1032010
2011030
2012020
2013010
2021020
2022010
2031010
112030
113020
121030
122020
123010
131020
132010
211030
212020
213010
221020
222010
231010
41020
42010
14020
24010
12040
21040
1102030
1103020
1201030
1202020
1203010
1301020
1302010
2101030
2102020
2103010
2201020
2202010
2301010
401020
402010
311020
312010
321010
104020
204010
102040
201040
4001020
4002010
3101020
3102010
3201010
3011020
3012010
3021010
1004020
2004010
1002040
2001040
1001041
1001131
1001140
1002121
2001121
101041
101131
101140
102121
201121
11041
11131
11140
12121
21121
1120030
1130020
1210030
1220020
1230010
1310020
1320010
2110030
2120020
2130010
2210020
2220010
2310010
410020
420010
140020
240010
120040
210040
4010020
4020010
3110020
3120010
3210010
1040020
2040010
1020040
2010040
1010041
1010131
1010140
1020121
2010121
110041
110131
110140
120121
210121
4100020
4200010
1400020
2400010
1200040
2100040
1100041
1100131
1100140
1200121
2100121
1012300
1013200
1021300
1022200
1023100
1031200
1032100
2011300
2012200
2013100
2021200
2022100
2031100
112300
113200
121300
122200
123100
131200
132100
211300
212200
213100
221200
222100
231100
41200
42100
14200
24100
12400
21400
1102300
1103200
1201300
1202200
1203100
1301200
1302100
2101300
2102200
2103100
2201200
2202100
2301100
401200
402100
311200
312100
321100
104200
204100
102400
201400
4001200
4002100
3101200
3102100
3201100
3011200
3012100
3021100
1004200
2004100
1002400
2001400
1001311
1001401
1001410
1002211
2001211
101311
101401
101410
102211
201211
11311
11401
11410
12211
21211
1120300
1130200
1210300
1220200
1230100
1310200
1320100
2110300
2120200
2130100
2210200
2220100
2310100
410200
420100
140200
240100
120400
210400
4010200
4020100
3110200
3120100
3210100
1040200
2040100
1020400
2010400
1010311
1010401
1010410
1020211
2010211
110311
110401
110410
120211
210211
4100200
4200100
1400200
2400100
1200400
2100400
1100311
1100401
1100410
1200211
2100211
1123000
1132000
1213000
1222000
1231000
1312000
1321000
2113000
2122000
2131000
2212000
2221000
2311000
412000
421000
142000
241000
124000
214000
4012000
4021000
3112000
3121000
3211000
1042000
2041000
1024000
2014000
1012111
1013011
1013101
1013110
1021111
1022011
1022101
1022110
1031011
1031101
1031110
2011111
2012011
2012101
2012110
2021011
2021101
2021110
112111
113011
113101
113110
121111
122011
122101
122110
131011
131101
131110
211111
212011
212101
212110
221011
221101
221110
41011
41101
41110
14011
14101
14110
4102000
4201000
1402000
2401000
1204000
2104000
1102111
1103011
1103101
1103110
1201111
1202011
1202101
1202110
1301011
1301101
1301110
2101111
2102011
2102101
2102110
2201011
2201101
2201110
401011
401101
401110
311011
311101
311110
104011
104101
104110
4001011
4001101
4001110
3101011
3101101
3101110
3011011
3011101
3011110
1004011
1004101
1004110
1001122
1001212
1001221
101122
101212
101221
11122
11212
11221
4120000
4210000
1420000
2410000
1240000
2140000
1120111
1130011
1130101
1130110
1210111
1220011
1220101
1220110
1310011
1310101
1310110
2110111
2120011
2120101
2120110
2210011
2210101
2210110
410011
410101
410110
140011
140101
140110
4010011
4010101
4010110
3110011
3110101
3110110
1040011
1040101
1040110
1010122
1010212
1010221
110122
110212
110221
4100011
4100101
4100110
1400011
1400101
1400110
1100122
1100212
1100221
1333
2233
2323
2332
3133
3223
3232
3313
3322
3331
1000333
1001233
1001323
1001332
1002133
1002223
1002232
1002313
1002322
1002331
1003033
1003123
1003132
1003213
1003222
1003231
1003303
1003312
1003321
1003330
2000233
2000323
2000332
2001133
2001223
2001232
2001313
2001322
2001331
2002033
2002123
2002132
2002213
2002222
2002231
2002303
2002312
2002321
2002330
2003023
2003032
2003113
2003122
2003131
2003203
2003212
2003221
2003230
2003302
2003311
2003320
100333
101233
101323
101332
102133
102223
102232
102313
102322
102331
103033
103123
103132
103213
103222
103231
103303
103312
103321
103330
200233
200323
200332
201133
201223
201232
201313
201322
201331
202033
202123
202132
202213
202222
202231
202303
202312
202321
202330
203023
203032
203113
203122
203131
203203
203212
203221
203230
203302
203311
203320
10333
11233
11323
11332
12133
12223
12232
12313
12322
12331
13033
13123
13132
13213
13222
13231
13303
13312
13321
13330
20233
20323
20332
21133
21223
21232
21313
21322
21331
22033
22123
22132
22213
22222
22231
22303
22312
22321
22330
23023
23032
23113
23122
23131
23203
23212
23221
23230
23302
23311
23320
4033
4123
4132
4213
4222
4231
4303
4312
4321
4330
433
1423
1432
2413
2422
2431
3403
3412
3421
3430
343
1243
1342
2143
2242
2341
3043
3142
3241
3340
334
1234
1324
2134
2224
2314
3034
3124
3214
3304
30133
30223
30232
30313
30322
30331
1010233
1010323
1010332
1020133
1020223
1020232
1020313
1020322
1020331
1030033
1030123
1030132
1030213
1030222
1030231
1030303
1030312
1030321
1030330
2010133
2010223
2010232
2010313
2010322
2010331
2020033
2020123
2020132
2020213
2020222
2020231
2020303
2020312
2020321
2020330
2030023
2030032
2030113
2030122
2030131
2030203
2030212
2030221
2030230
2030302
2030311
2030320
110233
110323
110332
120133
120223
120232
120313
120322
120331
130033
130123
130132
130213
130222
130231
130303
130312
130321
130330
210133
210223
210232
210313
210322
210331
220033
220123
220132
220213
220222
220231
220303
220312
220321
220330
230023
230032
230113
230122
230131
230203
230212
230221
230230
230302
230311
230320
40033
40123
40132
40213
40222
40231
40303
40312
40321
40330
31033
31123
31132
31213
31222
31231
31303
31312
31321
31330
32023
32032
32113
32122
32131
32203
32212
32221
32230
32302
32311
32320
10423
10432
20413
20422
20431
30403
30412
30421
30430
10243
10342
20143
20242
20341
30043
30142
30241
30340
10234
10324
20134
20224
20314
30034
30124
30214
30304
300133
300223
300232
300313
300322
300331
1100233
1100323
1100332
1200133
1200223
1200232
1200313
1200322
1200331
1300033
1300123
1300132
1300213
1300222
1300231
1300303
1300312
1300321
1300330
2100133
2100223
2100232
2100313
2100322
2100331
2200033
2200123
2200132
2200213
2200222
2200231
2200303
2200312
2200321
2200330
2300023
2300032
2300113
2300122
2300131
2300203
2300212
2300221
2300230
2300302
2300311
2300320
400033
400123
400132
400213
400222
400231
400303
400312
400321
400330
310033
310123
310132
310213
310222
310231
310303
310312
310321
310330
320023
320032
320113
320122
320131
320203
320212
320221
320230
320302
320311
320320
301033
301123
301132
301213
301222
301231
301303
301312
301321
301330
302023
302032
302113
302122
302131
302203
302212
302221
302230
302302
302311
302320
100423
100432
200413
200422
200431
300403
300412
300421
300430
100243
100342
200143
200242
200341
300043
300142
300241
300340
100234
100324
200134
200224
200314
300034
300124
300214
300304
3000133
3000223
3000232
3000313
3000322
3000331
4000033
4000123
4000132
4000213
4000222
4000231
4000303
4000312
4000321
4000330
3100033
3100123
3100132
3100213
3100222
3100231
3100303
3100312
3100321
3100330
3200023
3200032
3200113
3200122
3200131
3200203
3200212
3200221
3200230
3200302
3200311
3200320
3010033
3010123
3010132
3010213
3010222
3010231
3010303
3010312
3010321
3010330
3020023
3020032
3020113
3020122
3020131
3020203
3020212
3020221
3020230
3020302
3020311
3020320
3001033
3001123
3001132
3001213
3001222
3001231
3001303
3001312
3001321
3001330
3002023
3002032
3002113
3002122
3002131
3002203
3002212
3002221
3002230
3002302
3002311
3002320
1000423
1000432
2000413
2000422
2000431
3000403
3000412
3000421
3000430
1000243
1000342
2000143
2000242
2000341
3000043
3000142
3000241
3000340
1000234
1000324
2000134
2000224
2000314
3000034
3000124
3000214
3000304
424
244
442
1000144
1000414
1000441
2000044
2000404
2000440
100144
100414
100441
200044
200404
200440
10144
10414
10441
20044
20404
20440
1144
1414
1441
2044
2404
2440
33013
33022
33031
1012033
1013023
1013032
1021033
1022023
1022032
1023013
1023022
1023031
1031023
1031032
1032013
1032022
1032031
1033003
1033012
1033021
1033030
2011033
2012023
2012032
2013013
2013022
2013031
2021023
2021032
2022013
2022022
2022031
2023003
2023012
2023021
2023030
2031013
2031022
2031031
2032003
2032012
2032021
2032030
2033002
2033011
2033020
112033
113023
113032
121033
122023
122032
123013
123022
123031
131023
131032
132013
132022
132031
133003
133012
133021
133030
211033
212023
212032
213013
213022
213031
221023
221032
222013
222022
222031
223003
223012
223021
223030
231013
231022
231031
232003
232012
232021
232030
233002
233011
233020
41023
41032
42013
42022
42031
43003
43012
43021
43030
14023
14032
24013
24022
24031
34003
34012
34021
34030
33103
33112
33121
33130
33202
33211
33220
12043
13042
21043
22042
23041
31042
32041
33040
12034
13024
21034
22024
23014
31024
32014
33004
303013
303022
303031
1102033
1103023
1103032
1201033
1202023
1202032
1203013
1203022
1203031
1301023
1301032
1302013
1302022
1302031
1303003
1303012
1303021
1303030
2101033
2102023
2102032
2103013
2103022
2103031
2201023
2201032
2202013
2202022
2202031
2203003
2203012
2203021
2203030
2301013
2301022
2301031
2302003
2302012
2302021
2302030
2303002
2303011
2303020
401023
401032
402013
402022
402031
403003
403012
403021
403030
311023
311032
312013
312022
312031
313003
313012
313021
313030
321013
321022
321031
322003
322012
322021
322030
323002
323011
323020
104023
104032
204013
204022
204031
304003
304012
304021
304030
303103
303112
303121
303130
303202
303211
303220
102043
103042
201043
202042
203041
301042
302041
303040
102034
103024
201034
202024
203014
301024
302014
303004
3003013
3003022
3003031
4001023
4001032
4002013
4002022
4002031
4003003
4003012
4003021
4003030
3101023
3101032
3102013
3102022
3102031
3103003
3103012
3103021
3103030
3201013
3201022
3201031
3202003
3202012
3202021
3202030
3203002
3203011
3203020
3011023
3011032
3012013
3012022
3012031
3013003
3013012
3013021
3013030
3021013
3021022
3021031
3022003
3022012
3022021
3022030
3023002
3023011
3023020
1004023
1004032
2004013
2004022
2004031
3004003
3004012
3004021
3004030
3003103
3003112
3003121
3003130
3003202
3003211
3003220
1002043
1003042
2001043
2002042
2003041
3001042
3002041
3003040
1002034
1003024
2001034
2002024
2003014
3001024
3002014
3003004
4024
4042
1001044
1001134
1001143
1002124
1002142
1003114
1003141
2001124
2001142
2002114
2002141
2003104
2003140
101044
101134
101143
102124
102142
103114
103141
201124
201142
202114
202141
203104
203140
11044
11134
11143
12124
12142
13114
13141
21124
21142
22114
22141
23104
23140
4114
4141
330013
330022
330031
1120033
1130023
1130032
1210033
1220023
1220032
1230013
1230022
1230031
1310023
1310032
1320013
1320022
1320031
1330003
1330012
1330021
1330030
2110033
2120023
2120032
2130013
2130022
2130031
2210023
2210032
2220013
2220022
2220031
2230003
2230012
2230021
2230030
2310013
2310022
2310031
2320003
2320012
2320021
2320030
2330002
2330011
2330020
410023
410032
420013
420022
420031
430003
430012
430021
430030
140023
140032
240013
240022
240031
340003
340012
340021
340030
331003
331012
331021
331030
332002
332011
332020
330103
330112
330121
330130
330202
330211
330220
120043
130042
210043
220042
230041
310042
320041
330040
120034
130024
210034
220024
230014
310024
320014
330004
3030013
3030022
3030031
4010023
4010032
4020013
4020022
4020031
4030003
4030012
4030021
4030030
3110023
3110032
3120013
3120022
3120031
3130003
3130012
3130021
3130030
3210013
3210022
3210031
3220003
3220012
3220021
3220030
3230002
3230011
3230020
1040023
1040032
2040013
2040022
2040031
3040003
3040012
3040021
3040030
3031003
3031012
3031021
3031030
3032002
3032011
3032020
3030103
3030112
3030121
3030130
3030202
3030211
3030220
1020043
1030042
2010043
2020042
2030041
3010042
3020041
3030040
1020034
1030024
2010034
2020024
2030014
3010024
3020014
3030004
40024
40042
1010044
1010134
1010143
1020124
1020142
1030114
1030141
2010124
2010142
2020114
2020141
2030104
2030140
110044
110134
110143
120124
120142
130114
130141
210124
210142
220114
220141
230104
230140
40114
40141
31114
31141
32104
32140
3300013
3300022
3300031
4100023
4100032
4200013
4200022
4200031
4300003
4300012
4300021
4300030
1400023
1400032
2400013
2400022
2400031
3400003
3400012
3400021
3400030
3310003
3310012
3310021
3310030
3320002
3320011
3320020
3301003
3301012
3301021
3301030
3302002
3302011
3302020
3300103
3300112
3300121
3300130
3300202
3300211
3300220
1200043
1300042
2100043
2200042
2300041
3100042
3200041
3300040
1200034
1300024
2100034
2200024
2300014
3100024
3200014
3300004
400024
400042
1100044
1100134
1100143
1200124
1200142
1300114
1300141
2100124
2100142
2200114
2200141
2300104
2300140
400114
400141
310114
310141
320104
320140
301114
301141
302104
302140
4000024
4000042
4000114
4000141
3100114
3100141
3200104
3200140
3010114
3010141
3020104
3020140
3001114
3001141
3002104
3002140
33301
1012303
1013203
1013302
1021303
1022203
1022302
1023103
1023202
1023301
1031203
1031302
1032103
1032202
1032301
1033102
1033201
1033300
2011303
2012203
2012302
2013103
2013202
2013301
2021203
2021302
2022103
2022202
2022301
2023102
2023201
2023300
2031103
2031202
2031301
2032102
2032201
2032300
2033101
2033200
112303
113203
113302
121303
122203
122302
123103
123202
123301
131203
131302
132103
132202
132301
133102
133201
133300
211303
212203
212302
213103
213202
213301
221203
221302
222103
222202
222301
223102
223201
223300
231103
231202
231301
232102
232201
232300
233101
233200
41203
41302
42103
42202
42301
43102
43201
43300
14203
14302
24103
24202
24301
34102
34201
34300
12403
13402
21403
22402
23401
31402
32401
33400
33310
12304
13204
21304
22204
31204
303301
1102303
1103203
1103302
1201303
1202203
1202302
1203103
1203202
1203301
1301203
1301302
1302103
1302202
1302301
1303102
1303201
1303300
2101303
2102203
2102302
2103103
2103202
2103301
2201203
2201302
2202103
2202202
2202301
2203102
2203201
2203300
2301103
2301202
2301301
2302102
2302201
2302300
2303101
2303200
401203
401302
402103
402202
402301
403102
403201
403300
311203
311302
312103
312202
312301
313102
313201
313300
321103
321202
321301
322102
322201
322300
323101
323200
104203
104302
204103
204202
204301
304102
304201
304300
102403
103402
201403
202402
203401
301402
302401
303400
303310
102304
103204
201304
202204
301204
3003301
4001203
4001302
4002103
4002202
4002301
4003102
4003201
4003300
3101203
3101302
3102103
3102202
3102301
3103102
3103201
3103300
3201103
3201202
3201301
3202102
3202201
3202300
3203101
3203200
3011203
3011302
3012103
3012202
3012301
3013102
3013201
3013300
3021103
3021202
3021301
3022102
3022201
3022300
3023101
3023200
1004203
1004302
2004103
2004202
2004301
3004102
3004201
3004300
1002403
1003402
2001403
2002402
2003401
3001402
3002401
3003400
3003310
1002304
1003204
2001304
2002204
3001204
4204
4402
1001314
1001404
1001413
1002214
1002412
1003411
2001214
2001412
2002411
2003410
101314
101404
101413
102214
102412
103411
201214
201412
202411
203410
11314
11404
11413
12214
12412
13411
21214
21412
22411
23410
4411
330301
1120303
1130203
1130302
1210303
1220203
1220302
1230103
1230202
1230301
1310203
1310302
1320103
1320202
1320301
1330102
1330201
1330300
2110303
2120203
2120302
2130103
2130202
2130301
2210203
2210302
2220103
2220202
2220301
2230102
2230201
2230300
2310103
2310202
2310301
2320102
2320201
2320300
2330101
2330200
410203
410302
420103
420202
420301
430102
430201
430300
140203
140302
240103
240202
240301
340102
340201
340300
331102
331201
331300
332101
332200
120403
130402
210403
220402
230401
310402
320401
330400
330310
120304
130204
210304
220204
310204
3030301
4010203
4010302
4020103
4020202
4020301
4030102
4030201
4030300
3110203
3110302
3120103
3120202
3120301
3130102
3130201
3130300
3210103
3210202
3210301
3220102
3220201
3220300
3230101
3230200
1040203
1040302
2040103
2040202
2040301
3040102
3040201
3040300
3031102
3031201
3031300
3032101
3032200
1020403
1030402
2010403
2020402
2030401
3010402
3020401
3030400
3030310
1020304
1030204
2010304
2020204
3010204
40204
40402
1010314
1010404
1010413
1020214
1020412
1030411
2010214
2010412
2020411
2030410
110314
110404
110413
120214
120412
130411
210214
210412
220411
230410
40411
31411
32410
3300301
4100203
4100302
4200103
4200202
4200301
4300102
4300201
4300300
1400203
1400302
2400103
2400202
2400301
3400102
3400201
3400300
3310102
3310201
3310300
3320101
3320200
3301102
3301201
3301300
3302101
3302200
1200403
1300402
2100403
2200402
2300401
3100402
3200401
3300400
3300310
1200304
1300204
2100304
2200204
3100204
400204
400402
1100314
1100404
1100413
1200214
1200412
1300411
2100214
2100412
2200411
2300410
400411
310411
320410
301411
302410
4000204
4000402
4000411
3100411
3200410
3010411
3020410
3001411
3002410
333001
1123003
1132003
1133002
1213003
1222003
1223002
1231003
1232002
1233001
1312003
1313002
1321003
1322002
1323001
1331002
1332001
1333000
2113003
2122003
2123002
2131003
2132002
2133001
2212003
2213002
2221003
2222002
2223001
2231002
2232001
2233000
2311003
2312002
2313001
2321002
2322001
2323000
2331001
2332000
412003
413002
421003
422002
423001
431002
432001
433000
142003
143002
241003
242002
243001
341002
342001
343000
124003
134002
214003
224002
234001
314002
324001
334000
333100
333010
123004
132004
213004
222004
231004
312004
321004
3033001
4012003
4013002
4021003
4022002
4023001
4031002
4032001
4033000
3112003
3113002
3121003
3122002
3123001
3131002
3132001
3133000
3211003
3212002
3213001
3221002
3222001
3223000
3231001
3232000
1042003
1043002
2041003
2042002
2043001
3041002
3042001
3043000
1024003
1034002
2014003
2024002
2034001
3014002
3024001
3034000
3033100
3033010
1023004
1032004
2013004
2022004
2031004
3012004
3021004
42004
24004
44002
1012114
1013014
1013104
1013113
1021114
1022014
1022104
1022113
1023112
1031014
1031104
1031113
1032112
1033111
2011114
2012014
2012104
2012113
2013112
2021014
2021104
2021113
2022112
2023111
2031112
2032111
2033110
112114
113014
113104
113113
121114
122014
122104
122113
123112
131014
131104
131113
132112
133111
211114
212014
212104
212113
213112
221014
221104
221113
222112
223111
231112
232111
233110
41014
41104
41113
42112
43111
14014
14104
14113
24112
34111
3303001
4102003
4103002
4201003
4202002
4203001
4301002
4302001
4303000
1402003
1403002
2401003
2402002
2403001
3401002
3402001
3403000
3311002
3312001
3313000
3321001
3322000
1204003
1304002
2104003
2204002
2304001
3104002
3204001
3304000
3303100
3303010
1203004
1302004
2103004
2202004
2301004
3102004
3201004
402004
204004
404002
1102114
1103014
1103104
1103113
1201114
1202014
1202104
1202113
1203112
1301014
1301104
1301113
1302112
1303111
2101114
2102014
2102104
2102113
2103112
2201014
2201104
2201113
2202112
2203111
2301112
2302111
2303110
401014
401104
401113
402112
403111
311014
311104
311113
312112
313111
321112
322111
323110
104014
104104
104113
204112
304111
4002004
2004004
4004002
4001014
4001104
4001113
4002112
4003111
3101014
3101104
3101113
3102112
3103111
3201112
3202111
3203110
3011014
3011104
3011113
3012112
3013111
3021112
3022111
3023110
1004014
1004104
1004113
2004112
3004111
1001224
101224
11224
3330001
4120003
4130002
4210003
4220002
4230001
4310002
4320001
4330000
1420003
1430002
2410003
2420002
2430001
3410002
3420001
3430000
1240003
1340002
2140003
2240002
2340001
3140002
3240001
3340000
3331000
3330100
3330010
1230004
1320004
2130004
2220004
2310004
3120004
3210004
420004
240004
440002
1120114
1130014
1130104
1130113
1210114
1220014
1220104
1220113
1230112
1310014
1310104
1310113
1320112
1330111
2110114
2120014
2120104
2120113
2130112
2210014
2210104
2210113
2220112
2230111
2310112
2320111
2330110
410014
410104
410113
420112
430111
140014
140104
140113
240112
340111
331111
332110
4020004
2040004
4040002
4010014
4010104
4010113
4020112
4030111
3110014
3110104
3110113
3120112
3130111
3210112
3220111
3230110
1040014
1040104
1040113
2040112
3040111
3031111
3032110
1010224
110224
4200004
2400004
4400002
4100014
4100104
4100113
4200112
4300111
1400014
1400104
1400113
2400112
3400111
3310111
3320110
3301111
3302110
1100224
1012330
1013230
1013320
1021330
1022230
1022320
1023130
1023220
1023310
1031230
1031320
1032130
1032220
1032310
1033120
1033210
2011330
2012230
2012320
2013130
2013220
2013310
2021230
2021320
2022130
2022220
2022310
2023120
2023210
2031130
2031220
2031310
2032120
2032210
112330
113230
113320
121330
122230
122320
123130
123220
123310
131230
131320
132130
132220
132310
133120
133210
211330
212230
212320
213130
213220
213310
221230
221320
222130
222220
222310
223120
223210
231130
231220
231310
232120
232210
41230
41320
42130
42220
42310
43120
43210
14230
14320
24130
24220
24310
34120
34210
12430
13420
21430
22420
31420
12340
13240
21340
22240
31240
1102330
1103230
1103320
1201330
1202230
1202320
1203130
1203220
1203310
1301230
1301320
1302130
1302220
1302310
1303120
1303210
2101330
2102230
2102320
2103130
2103220
2103310
2201230
2201320
2202130
2202220
2202310
2203120
2203210
2301130
2301220
2301310
2302120
2302210
401230
401320
402130
402220
402310
403120
403210
311230
311320
312130
312220
312310
313120
313210
321130
321220
321310
322120
322210
104230
104320
204130
204220
204310
304120
304210
102430
103420
201430
202420
301420
102340
103240
201340
202240
301240
4001230
4001320
4002130
4002220
4002310
4003120
4003210
3101230
3101320
3102130
3102220
3102310
3103120
3103210
3201130
3201220
3201310
3202120
3202210
3011230
3011320
3012130
3012220
3012310
3013120
3013210
3021130
3021220
3021310
3022120
3022210
1004230
1004320
2004130
2004220
2004310
3004120
3004210
1002430
1003420
2001430
2002420
3001420
1002340
1003240
2001340
2002240
3001240
4240
4420
1001341
1001431
1001440
1002241
1002421
2001241
2001421
101341
101431
101440
102241
102421
201241
201421
11341
11431
11440
12241
12421
21241
21421
1120330
1130230
1130320
1210330
1220230
1220320
1230130
1230220
1230310
1310230
1310320
1320130
1320220
1320310
1330120
1330210
2110330
2120230
2120320
2130130
2130220
2130310
2210230
2210320
2220130
2220220
2220310
2230120
2230210
2310130
2310220
2310310
2320120
2320210
410230
410320
420130
420220
420310
430120
430210
140230
140320
240130
240220
240310
340120
340210
331120
331210
120430
130420
210430
220420
310420
120340
130240
210340
220240
310240
4010230
4010320
4020130
4020220
4020310
4030120
4030210
3110230
3110320
3120130
3120220
3120310
3130120
3130210
3210130
3210220
3210310
3220120
3220210
1040230
1040320
2040130
2040220
2040310
3040120
3040210
3031120
3031210
1020430
1030420
2010430
2020420
3010420
1020340
1030240
2010340
2020240
3010240
40240
40420
1010341
1010431
1010440
1020241
1020421
2010241
2010421
110341
110431
110440
120241
120421
210241
210421
4100230
4100320
4200130
4200220
4200310
4300120
4300210
1400230
1400320
2400130
2400220
2400310
3400120
3400210
3310120
3310210
3301120
3301210
1200430
1300420
2100430
2200420
3100420
1200340
1300240
2100340
2200240
3100240
400240
400420
1100341
1100431
1100440
1200241
1200421
2100241
2100421
4000240
4000420
1123030
1132030
1133020
1213030
1222030
1223020
1231030
1232020
1233010
1312030
1313020
1321030
1322020
1323010
1331020
1332010
2113030
2122030
2123020
2131030
2132020
2133010
2212030
2213020
2221030
2222020
2223010
2231020
2232010
2311030
2312020
2313010
2321020
2322010
2331010
412030
413020
421030
422020
423010
431020
432010
142030
143020
241030
242020
243010
341020
342010
124030
134020
214030
224020
234010
314020
324010
123040
132040
213040
222040
231040
312040
321040
4012030
4013020
4021030
4022020
4023010
4031020
4032010
3112030
3113020
3121030
3122020
3123010
3131020
3132010
3211030
3212020
3213010
3221020
3222010
3231010
1042030
1043020
2041030
2042020
2043010
3041020
3042010
1024030
1034020
2014030
2024020
2034010
3014020
3024010
1023040
1032040
2013040
2022040
2031040
3012040
3021040
42040
24040
44020
1012141
1013041
1013131
1013140
1021141
1022041
1022131
1022140
1023121
1031041
1031131
1031140
1032121
2011141
2012041
2012131
2012140
2013121
2021041
2021131
2021140
2022121
2031121
112141
113041
113131
113140
121141
122041
122131
122140
123121
131041
131131
131140
132121
211141
212041
212131
212140
213121
221041
221131
221140
222121
231121
41041
41131
41140
42121
14041
14131
14140
24121
4102030
4103020
4201030
4202020
4203010
4301020
4302010
1402030
1403020
2401030
2402020
2403010
3401020
3402010
3311020
3312010
3321010
1204030
1304020
2104030
2204020
2304010
3104020
3204010
1203040
1302040
2103040
2202040
2301040
3102040
3201040
402040
204040
404020
1102141
1103041
1103131
1103140
1201141
1202041
1202131
1202140
1203121
1301041
1301131
1301140
1302121
2101141
2102041
2102131
2102140
2103121
2201041
2201131
2201140
2202121
2301121
401041
401131
401140
402121
311041
311131
311140
312121
321121
104041
104131
104140
204121
4002040
2004040
4004020
4001041
4001131
4001140
4002121
3101041
3101131
3101140
3102121
3201121
3011041
3011131
3011140
3012121
3021121
1004041
1004131
1004140
2004121
1001242
101242
11242
4120030
4130020
4210030
4220020
4230010
4310020
4320010
1420030
1430020
2410030
2420020
2430010
3410020
3420010
1240030
1340020
2140030
2240020
2340010
3140020
3240010
1230040
1320040
2130040
2220040
2310040
3120040
3210040
420040
240040
440020
1120141
1130041
1130131
1130140
1210141
1220041
1220131
1220140
1230121
1310041
1310131
1310140
1320121
2110141
2120041
2120131
2120140
2130121
2210041
2210131
2210140
2220121
2310121
410041
410131
410140
420121
140041
140131
140140
240121
4020040
2040040
4040020
4010041
4010131
4010140
4020121
3110041
3110131
3110140
3120121
3210121
1040041
1040131
1040140
2040121
1010242
110242
4200040
2400040
4400020
4100041
4100131
4100140
4200121
1400041
1400131
1400140
2400121
1100242
1123300
1132300
1133200
1213300
1222300
1223200
1231300
1232200
1233100
1312300
1313200
1321300
1322200
1323100
1331200
1332100
2113300
2122300
2123200
2131300
2132200
2133100
2212300
2213200
2221300
2222200
2223100
2231200
2232100
2311300
2312200
2313100
2321200
2322100
2331100
412300
413200
421300
422200
423100
431200
432100
142300
143200
241300
242200
243100
341200
342100
124300
134200
214300
224200
234100
314200
324100
123400
132400
213400
222400
231400
312400
321400
4012300
4013200
4021300
4022200
4023100
4031200
4032100
3112300
3113200
3121300
3122200
3123100
3131200
3132100
3211300
3212200
3213100
3221200
3222100
3231100
1042300
1043200
2041300
2042200
2043100
3041200
3042100
1024300
1034200
2014300
2024200
2034100
3014200
3024100
1023400
1032400
2013400
2022400
2031400
3012400
3021400
42400
24400
44200
1012411
1013311
1013401
1013410
1021411
1022311
1022401
1022410
1023211
1031311
1031401
1031410
1032211
2011411
2012311
2012401
2012410
2013211
2021311
2021401
2021410
2022211
2031211
112411
113311
113401
113410
121411
122311
122401
122410
123211
131311
131401
131410
132211
211411
212311
212401
212410
213211
221311
221401
221410
222211
231211
41311
41401
41410
42211
14311
14401
14410
24211
4102300
4103200
4201300
4202200
4203100
4301200
4302100
1402300
1403200
2401300
2402200
2403100
3401200
3402100
3311200
3312100
3321100
1204300
1304200
2104300
2204200
2304100
3104200
3204100
1203400
1302400
2103400
2202400
2301400
3102400
3201400
402400
204400
404200
1102411
1103311
1103401
1103410
1201411
1202311
1202401
1202410
1203211
1301311
1301401
1301410
1302211
2101411
2102311
2102401
2102410
2103211
2201311
2201401
2201410
2202211
2301211
401311
401401
401410
402211
311311
311401
311410
312211
321211
104311
104401
104410
204211
4002400
2004400
4004200
4001311
4001401
4001410
4002211
3101311
3101401
3101410
3102211
3201211
3011311
3011401
3011410
3012211
3021211
1004311
1004401
1004410
2004211
1001422
101422
11422
4120300
4130200
4210300
4220200
4230100
4310200
4320100
1420300
1430200
2410300
2420200
2430100
3410200
3420100
1240300
1340200
2140300
2240200
2340100
3140200
3240100
1230400
1320400
2130400
2220400
2310400
3120400
3210400
420400
240400
440200
1120411
1130311
1130401
1130410
1210411
1220311
1220401
1220410
1230211
1310311
1310401
1310410
1320211
2110411
2120311
2120401
2120410
2130211
2210311
2210401
2210410
2220211
2310211
410311
410401
410410
420211
140311
140401
140410
240211
4020400
2040400
4040200
4010311
4010401
4010410
4020211
3110311
3110401
3110410
3120211
3210211
1040311
1040401
1040410
2040211
1010422
110422
4200400
2400400
4400200
4100311
4100401
4100410
4200211
1400311
1400401
1400410
2400211
1100422
4123000
4132000
4213000
4222000
4231000
4312000
4321000
1423000
1432000
2413000
2422000
2431000
3412000
3421000
1243000
1342000
2143000
2242000
2341000
3142000
3241000
1234000
1324000
2134000
2224000
2314000
3124000
3214000
424000
244000
442000
1123111
1132111
1133011
1133101
1133110
1213111
1222111
1223011
1223101
1223110
1231111
1232011
1232101
1232110
1312111
1313011
1313101
1313110
1321111
1322011
1322101
1322110
1331011
1331101
1331110
2113111
2122111
2123011
2123101
2123110
2131111
2132011
2132101
2132110
2212111
2213011
2213101
2213110
2221111
2222011
2222101
2222110
2231011
2231101
2231110
2311111
2312011
2312101
2312110
2321011
2321101
2321110
412111
413011
413101
413110
421111
422011
422101
422110
431011
431101
431110
142111
143011
143101
143110
241111
242011
242101
242110
341011
341101
341110
124111
134011
134101
134110
214111
224011
224101
224110
314011
314101
314110
4024000
2044000
4042000
4012111
4013011
4013101
4013110
4021111
4022011
4022101
4022110
4031011
4031101
4031110
3112111
3113011
3113101
3113110
3121111
3122011
3122101
3122110
3131011
3131101
3131110
3211111
3212011
3212101
3212110
3221011
3221101
3221110
1042111
1043011
1043101
1043110
2041111
2042011
2042101
2042110
3041011
3041101
3041110
1024111
1034011
1034101
1034110
2014111
2024011
2024101
2024110
3014011
3014101
3014110
44011
44101
44110
1012222
1013122
1013212
1013221
1021222
1022122
1022212
1022221
1031122
1031212
1031221
2011222
2012122
2012212
2012221
2021122
2021212
2021221
112222
113122
113212
113221
121222
122122
122212
122221
131122
131212
131221
211222
212122
212212
212221
221122
221212
221221
41122
41212
41221
14122
14212
14221
4204000
2404000
4402000
4102111
4103011
4103101
4103110
4201111
4202011
4202101
4202110
4301011
4301101
4301110
1402111
1403011
1403101
1403110
2401111
2402011
2402101
2402110
3401011
3401101
3401110
3311011
3311101
3311110
1204111
1304011
1304101
1304110
2104111
2204011
2204101
2204110
3104011
3104101
3104110
404011
404101
404110
1102222
1103122
1103212
1103221
1201222
1202122
1202212
1202221
1301122
1301212
1301221
2101222
2102122
2102212
2102221
2201122
2201212
2201221
401122
401212
401221
311122
311212
311221
104122
104212
104221
4004011
4004101
4004110
4001122
4001212
4001221
3101122
3101212
3101221
3011122
3011212
3011221
1004122
1004212
1004221
4240000
2440000
4420000
4120111
4130011
4130101
4130110
4210111
4220011
4220101
4220110
4310011
4310101
4310110
1420111
1430011
1430101
1430110
2410111
2420011
2420101
2420110
3410011
3410101
3410110
1240111
1340011
1340101
1340110
2140111
2240011
2240101
2240110
3140011
3140101
3140110
440011
440101
440110
1120222
1130122
1130212
1130221
1210222
1220122
1220212
1220221
1310122
1310212
1310221
2110222
2120122
2120212
2120221
2210122
2210212
2210221
410122
410212
410221
140122
140212
140221
4040011
4040101
4040110
4010122
4010212
4010221
3110122
3110212
3110221
1040122
1040212
1040221
4400011
4400101
4400110
4100122
4100212
4100221
1400122
1400212
1400221