2
11
20
101
110
200
1001
1010
2000
10001
10010
20000
100001
100010
200000
1000001
1000010
2000000
1100
10100
100100
1000100
11000
101000
1001000
110000
1010000
1100000
23
32
113
122
131
203
212
221
230
302
311
320
1013
1022
1031
1103
1112
1121
1130
1202
1211
1220
1301
1310
2003
2012
2021
2030
2102
2111
2120
2201
2210
2300
3002
3011
3020
3101
3110
3200
10013
10022
10031
10103
10112
10121
10130
10202
10211
10220
10301
10310
20003
20012
20021
20030
20102
20111
20120
20201
20210
20300
30002
30011
30020
30101
30110
30200
100013
100022
100031
100103
100112
100121
100130
100202
100211
100220
100301
100310
200003
200012
200021
200030
200102
200111
200120
200201
200210
200300
300002
300011
300020
300101
300110
300200
1000013
1000022
1000031
1000103
1000112
1000121
1000130
1000202
1000211
1000220
1000301
1000310
2000003
2000012
2000021
2000030
2000102
2000111
2000120
2000201
2000210
2000300
3000002
3000011
3000020
3000101
3000110
3000200
14
104
41
140
401
410
11003
11012
11021
11030
12002
12011
12020
13001
13010
21002
21011
21020
22001
22010
23000
31001
31010
32000
101003
101012
101021
101030
102002
102011
102020
103001
103010
201002
201011
201020
202001
202010
203000
301001
301010
302000
1001003
1001012
1001021
1001030
1002002
1002011
1002020
1003001
1003010
2001002
2001011
2001020
2002001
2002010
2003000
3001001
3001010
3002000
1004
1040
4001
4010
110003
110012
110021
110030
120002
120011
120020
130001
130010
210002
210011
210020
220001
220010
230000
310001
310010
320000
1010003
1010012
1010021
1010030
1020002
1020011
1020020
1030001
1030010
2010002
2010011
2010020
2020001
2020010
2030000
3010001
3010010
3020000
10004
10040
40001
40010
1100003
1100012
1100021
1100030
1200002
1200011
1200020
1300001
1300010
2100002
2100011
2100020
2200001
2200010
2300000
3100001
3100010
3200000
100004
100040
400001
400010
1000004
1000040
4000001
4000010
11102
11201
11300
12101
12200
13100
21101
21200
22100
31100
101102
101201
101300
102101
102200
103100
201101
201200
202100
301100
1001102
1001201
1001300
1002101
1002200
1003100
2001101
2001200
2002100
3001100
1400
4100
110102
110201
110300
120101
120200
130100
210101
210200
220100
310100
1010102
1010201
1010300
1020101
1020200
1030100
2010101
2010200
2020100
3010100
10400
40100
1100102
1100201
1100300
1200101
1200200
1300100
2100101
2100200
2200100
3100100
100400
400100
1000400
4000100
111002
112001
113000
121001
122000
131000
211001
212000
221000
311000
1011002
1012001
1013000
1021001
1022000
1031000
2011001
2012000
2021000
3011000
14000
41000
11111
12110
21110
1101002
1102001
1103000
1201001
1202000
1301000
2101001
2102000
2201000
3101000
104000
401000
101111
102110
201110
1004000
4001000
1001111
1002110
2001110
1110002
1120001
1130000
1210001
1220000
1310000
2110001
2120000
2210000
3110000
140000
410000
110111
120110
210110
1040000
4010000
1010111
1020110
2010110
1400000
4100000
1100111
1200110
2100110
11120
11210
101120
101210
1001120
1001210
110120
110210
1010120
1010210
1100120
1100210
111020
112010
121010
211010
1011020
1012010
1021010
2011010
1101020
1102010
1201010
2101010
1110020
1120010
1210010
2110010
111200
112100
121100
211100
1011200
1012100
1021100
2011100
1101200
1102100
1201100
2101100
1110200
1120100
1210100
2110100
1112000
1121000
1211000
2111000
111011
111101
111110
1011011
1011101
1011110
1101011
1101101
1101110
1110011
1110101
1110110