3
30
300
3000
30000
300000
3000000
111
33
303
3003
30003
300003
3000003
114
330
3030
30030
300030
3000030
141
3300
30300
300300
3000300
411
33000
303000
3003000
3111
330000
3030000
30111
3300000
300111
3000111
222
333
3033
30033
300033
3000033
144
3303
30303
300303
3000303
414
33003
303003
3003003
3114
330003
3030003
30114
3300003
300114
3000114
3330
30330
300330
3000330
441
33030
303030
3003030
3141
330030
3030030
30141
3300030
300141
3000141
33300
303300
3003300
3411
330300
3030300
30411
3300300
300411
3000411
333000
3033000
33111
3303000
303111
3003111
3222
3330000
330111
3030111
30222
3300111
300222
3000222
3333
30333
300333
3000333
444
33033
303033
3003033
3144
330033
3030033
30144
3300033
300144
3000144
33303
303303
3003303
3414
330303
3030303
30414
3300303
300414
3000414
333003
3033003
33114
3303003
303114
3003114
3330003
330114
3030114
3300114
33330
303330
3003330
3441
330330
3030330
30441
3300330
300441
3000441
333030
3033030
33141
3303030
303141
3003141
3330030
330141
3030141
3300141
333300
3033300
33411
3303300
303411
3003411
3330300
330411
3030411
3300411
3333000
333111
3033111
33222
3303111
303222
3003222
3330111
330222
3030222
3300222