2
1000001
2000000
100001
200000
10001
20000
1001
2000
101
200
11
20
1000010
100010
10010
1010
110
1000100
100100
10100
1100
1001000
101000
11000
1010000
110000
1100000
23
32
1000013
1000022
1000031
2000003
2000012
2000021
2000030
100013
100022
100031
200003
200012
200021
200030
10013
10022
10031
20003
20012
20021
20030
1013
1022
1031
2003
2012
2021
2030
113
122
131
203
212
221
230
41
14
302
1000103
1000202
1000301
2000102
2000201
2000300
100103
100202
100301
200102
200201
200300
10103
10202
10301
20102
20201
20300
1103
1202
1301
2102
2201
2300
401
311
320
104
3002
1001003
1002002
1003001
2001002
2002001
2003000
101003
102002
103001
201002
202001
203000
11003
12002
13001
21002
22001
23000
4001
3101
3200
3011
3020
1004
30002
1010003
1020002
1030001
2010002
2020001
2030000
110003
120002
130001
210002
220001
230000
40001
31001
32000
30101
30200
30011
30020
10004
300002
1100003
1200002
1300001
2100002
2200001
2300000
400001
310001
320000
301001
302000
300101
300200
300011
300020
100004
3000002
4000001
3100001
3200000
3010001
3020000
3001001
3002000
3000101
3000200
3000011
3000020
1000004
1000112
2000111
100112
200111
10112
20111
1112
2111
1000130
1000220
1000310
2000120
2000210
100130
100220
100310
200120
200210
10130
10220
10310
20120
20210
1130
1220
1310
2120
2210
410
140
1001030
1002020
1003010
2001020
2002010
101030
102020
103010
201020
202010
11030
12020
13010
21020
22010
4010
3110
1040
1010030
1020020
1030010
2010020
2020010
110030
120020
130010
210020
220010
40010
31010
30110
10040
1100030
1200020
1300010
2100020
2200010
400010
310010
301010
300110
100040
4000010
3100010
3010010
3001010
3000110
1000040
1000121
100121
10121
1121
1001300
1002200
1003100
2001200
2002100
101300
102200
103100
201200
202100
11300
12200
13100
21200
22100
4100
1400
1010300
1020200
1030100
2010200
2020100
110300
120200
130100
210200
220100
40100
31100
10400
1100300
1200200
1300100
2100200
2200100
400100
310100
301100
100400
4000100
3100100
3010100
3001100
1000400
1000211
100211
10211
1211
1013000
1022000
1031000
2012000
2021000
113000
122000
131000
212000
221000
41000
14000
1103000
1202000
1301000
2102000
2201000
401000
311000
104000
4001000
3101000
3011000
1004000
1001111
1002011
1002101
1002110
2001011
2001101
2001110
101111
102011
102101
102110
201011
201101
201110
11111
12011
12101
12110
21011
21101
21110
1130000
1220000
1310000
2120000
2210000
410000
140000
4010000
3110000
1040000
1010111
1020011
1020101
1020110
2010011
2010101
2010110
110111
120011
120101
120110
210011
210101
210110
4100000
1400000
1100111
1200011
1200101
1200110
2100011
2100101
2100110
233
323
332
1000133
1000223
1000232
1000313
1000322
1000331
2000033
2000123
2000132
2000213
2000222
2000231
2000303
2000312
2000321
2000330
100133
100223
100232
100313
100322
100331
200033
200123
200132
200213
200222
200231
200303
200312
200321
200330
10133
10223
10232
10313
10322
10331
20033
20123
20132
20213
20222
20231
20303
20312
20321
20330
1133
1223
1232
1313
1322
1331
2033
2123
2132
2213
2222
2231
2303
2312
2321
2330
413
422
431
143
242
341
134
224
314
3023
3032
1001033
1002023
1002032
1003013
1003022
1003031
2001023
2001032
2002013
2002022
2002031
2003003
2003012
2003021
2003030
101033
102023
102032
103013
103022
103031
201023
201032
202013
202022
202031
203003
203012
203021
203030
11033
12023
12032
13013
13022
13031
21023
21032
22013
22022
22031
23003
23012
23021
23030
4013
4022
4031
3113
3122
3131
3203
3212
3221
3230
1043
2042
3041
1034
2024
3014
30023
30032
1010033
1020023
1020032
1030013
1030022
1030031
2010023
2010032
2020013
2020022
2020031
2030003
2030012
2030021
2030030
110033
120023
120032
130013
130022
130031
210023
210032
220013
220022
220031
230003
230012
230021
230030
40013
40022
40031
31013
31022
31031
32003
32012
32021
32030
30113
30122
30131
30203
30212
30221
30230
10043
20042
30041
10034
20024
30014
300023
300032
1100033
1200023
1200032
1300013
1300022
1300031
2100023
2100032
2200013
2200022
2200031
2300003
2300012
2300021
2300030
400013
400022
400031
310013
310022
310031
320003
320012
320021
320030
301013
301022
301031
302003
302012
302021
302030
300113
300122
300131
300203
300212
300221
300230
100043
200042
300041
100034
200024
300014
3000023
3000032
4000013
4000022
4000031
3100013
3100022
3100031
3200003
3200012
3200021
3200030
3010013
3010022
3010031
3020003
3020012
3020021
3020030
3001013
3001022
3001031
3002003
3002012
3002021
3002030
3000113
3000122
3000131
3000203
3000212
3000221
3000230
1000043
2000042
3000041
1000034
2000024
3000014
44
1000124
1000142
2000114
2000141
100124
100142
200114
200141
10124
10142
20114
20141
1124
1142
2114
2141
3302
1001303
1002203
1002302
1003103
1003202
1003301
2001203
2001302
2002103
2002202
2002301
2003102
2003201
2003300
101303
102203
102302
103103
103202
103301
201203
201302
202103
202202
202301
203102
203201
203300
11303
12203
12302
13103
13202
13301
21203
21302
22103
22202
22301
23102
23201
23300
4103
4202
4301
1403
2402
3401
3311
3320
1304
2204
3104
30302
1010303
1020203
1020302
1030103
1030202
1030301
2010203
2010302
2020103
2020202
2020301
2030102
2030201
2030300
110303
120203
120302
130103
130202
130301
210203
210302
220103
220202
220301
230102
230201
230300
40103
40202
40301
31103
31202
31301
32102
32201
32300
10403
20402
30401
30311
30320
10304
20204
30104
300302
1100303
1200203
1200302
1300103
1300202
1300301
2100203
2100302
2200103
2200202
2200301
2300102
2300201
2300300
400103
400202
400301
310103
310202
310301
320102
320201
320300
301103
301202
301301
302102
302201
302300
100403
200402
300401
300311
300320
100304
200204
300104
3000302
4000103
4000202
4000301
3100103
3100202
3100301
3200102
3200201
3200300
3010103
3010202
3010301
3020102
3020201
3020300
3001103
3001202
3001301
3002102
3002201
3002300
1000403
2000402
3000401
3000311
3000320
1000304
2000204
3000104
404
1000214
1000412
2000411
100214
100412
200411
10214
10412
20411
1214
1412
2411
33002
1013003
1022003
1023002
1031003
1032002
1033001
2012003
2013002
2021003
2022002
2023001
2031002
2032001
2033000
113003
122003
123002
131003
132002
133001
212003
213002
221003
222002
223001
231002
232001
233000
41003
42002
43001
14003
24002
34001
33101
33200
33011
33020
13004
22004
31004
303002
1103003
1202003
1203002
1301003
1302002
1303001
2102003
2103002
2201003
2202002
2203001
2301002
2302001
2303000
401003
402002
403001
311003
312002
313001
321002
322001
323000
104003
204002
304001
303101
303200
303011
303020
103004
202004
301004
3003002
4001003
4002002
4003001
3101003
3102002
3103001
3201002
3202001
3203000
3011003
3012002
3013001
3021002
3022001
3023000
1004003
2004002
3004001
3003101
3003200
3003011
3003020
1003004
2002004
3001004
4004
1001114
1002014
1002104
1002113
1003112
2001014
2001104
2001113
2002112
2003111
101114
102014
102104
102113
103112
201014
201104
201113
202112
203111
11114
12014
12104
12113
13112
21014
21104
21113
22112
23111
4112
330002
1130003
1220003
1230002
1310003
1320002
1330001
2120003
2130002
2210003
2220002
2230001
2310002
2320001
2330000
410003
420002
430001
140003
240002
340001
331001
332000
330101
330200
330011
330020
130004
220004
310004
3030002
4010003
4020002
4030001
3110003
3120002
3130001
3210002
3220001
3230000
1040003
2040002
3040001
3031001
3032000
3030101
3030200
3030011
3030020
1030004
2020004
3010004
40004
1010114
1020014
1020104
1020113
1030112
2010014
2010104
2010113
2020112
2030111
110114
120014
120104
120113
130112
210014
210104
210113
220112
230111
40112
31112
32111
3300002
4100003
4200002
4300001
1400003
2400002
3400001
3310001
3320000
3301001
3302000
3300101
3300200
3300011
3300020
1300004
2200004
3100004
400004
1100114
1200014
1200104
1200113
1300112
2100014
2100104
2100113
2200112
2300111
400112
310112
320111
301112
302111
4000004
4000112
3100112
3200111
3010112
3020111
3001112
3002111
1001330
1002230
1002320
1003130
1003220
1003310
2001230
2001320
2002130
2002220
2002310
2003120
2003210
101330
102230
102320
103130
103220
103310
201230
201320
202130
202220
202310
203120
203210
11330
12230
12320
13130
13220
13310
21230
21320
22130
22220
22310
23120
23210
4130
4220
4310
1430
2420
3410
1340
2240
3140
1010330
1020230
1020320
1030130
1030220
1030310
2010230
2010320
2020130
2020220
2020310
2030120
2030210
110330
120230
120320
130130
130220
130310
210230
210320
220130
220220
220310
230120
230210
40130
40220
40310
31130
31220
31310
32120
32210
10430
20420
30410
10340
20240
30140
1100330
1200230
1200320
1300130
1300220
1300310
2100230
2100320
2200130
2200220
2200310
2300120
2300210
400130
400220
400310
310130
310220
310310
320120
320210
301130
301220
301310
302120
302210
100430
200420
300410
100340
200240
300140
4000130
4000220
4000310
3100130
3100220
3100310
3200120
3200210
3010130
3010220
3010310
3020120
3020210
3001130
3001220
3001310
3002120
3002210
1000430
2000420
3000410
1000340
2000240
3000140
440
1000241
1000421
100241
100421
10241
10421
1241
1421
1013030
1022030
1023020
1031030
1032020
1033010
2012030
2013020
2021030
2022020
2023010
2031020
2032010
113030
122030
123020
131030
132020
133010
212030
213020
221030
222020
223010
231020
232010
41030
42020
43010
14030
24020
34010
33110
13040
22040
31040
1103030
1202030
1203020
1301030
1302020
1303010
2102030
2103020
2201030
2202020
2203010
2301020
2302010
401030
402020
403010
311030
312020
313010
321020
322010
104030
204020
304010
303110
103040
202040
301040
4001030
4002020
4003010
3101030
3102020
3103010
3201020
3202010
3011030
3012020
3013010
3021020
3022010
1004030
2004020
3004010
3003110
1003040
2002040
3001040
4040
1001141
1002041
1002131
1002140
1003121
2001041
2001131
2001140
2002121
101141
102041
102131
102140
103121
201041
201131
201140
202121
11141
12041
12131
12140
13121
21041
21131
21140
22121
4121
1130030
1220030
1230020
1310030
1320020
1330010
2120030
2130020
2210030
2220020
2230010
2310020
2320010
410030
420020
430010
140030
240020
340010
331010
330110
130040
220040
310040
4010030
4020020
4030010
3110030
3120020
3130010
3210020
3220010
1040030
2040020
3040010
3031010
3030110
1030040
2020040
3010040
40040
1010141
1020041
1020131
1020140
1030121
2010041
2010131
2010140
2020121
110141
120041
120131
120140
130121
210041
210131
210140
220121
40121
31121
4100030
4200020
4300010
1400030
2400020
3400010
3310010
3301010
3300110
1300040
2200040
3100040
400040
1100141
1200041
1200131
1200140
1300121
2100041
2100131
2100140
2200121
400121
310121
301121
4000040
4000121
3100121
3010121
3001121
1013300
1022300
1023200
1031300
1032200
1033100
2012300
2013200
2021300
2022200
2023100
2031200
2032100
113300
122300
123200
131300
132200
133100
212300
213200
221300
222200
223100
231200
232100
41300
42200
43100
14300
24200
34100
13400
22400
31400
1103300
1202300
1203200
1301300
1302200
1303100
2102300
2103200
2201300
2202200
2203100
2301200
2302100
401300
402200
403100
311300
312200
313100
321200
322100
104300
204200
304100
103400
202400
301400
4001300
4002200
4003100
3101300
3102200
3103100
3201200
3202100
3011300
3012200
3013100
3021200
3022100
1004300
2004200
3004100
1003400
2002400
3001400
4400
1001411
1002311
1002401
1002410
1003211
2001311
2001401
2001410
2002211
101411
102311
102401
102410
103211
201311
201401
201410
202211
11411
12311
12401
12410
13211
21311
21401
21410
22211
4211
1130300
1220300
1230200
1310300
1320200
1330100
2120300
2130200
2210300
2220200
2230100
2310200
2320100
410300
420200
430100
140300
240200
340100
331100
130400
220400
310400
4010300
4020200
4030100
3110300
3120200
3130100
3210200
3220100
1040300
2040200
3040100
3031100
1030400
2020400
3010400
40400
1010411
1020311
1020401
1020410
1030211
2010311
2010401
2010410
2020211
110411
120311
120401
120410
130211
210311
210401
210410
220211
40211
31211
4100300
4200200
4300100
1400300
2400200
3400100
3310100
3301100
1300400
2200400
3100400
400400
1100411
1200311
1200401
1200410
1300211
2100311
2100401
2100410
2200211
400211
310211
301211
4000400
4000211
3100211
3010211
3001211
1133000
1223000
1232000
1313000
1322000
1331000
2123000
2132000
2213000
2222000
2231000
2312000
2321000
413000
422000
431000
143000
242000
341000
134000
224000
314000
4013000
4022000
4031000
3113000
3122000
3131000
3212000
3221000
1043000
2042000
3041000
1034000
2024000
3014000
44000
1013111
1022111
1023011
1023101
1023110
1031111
1032011
1032101
1032110
2012111
2013011
2013101
2013110
2021111
2022011
2022101
2022110
2031011
2031101
2031110
113111
122111
123011
123101
123110
131111
132011
132101
132110
212111
213011
213101
213110
221111
222011
222101
222110
231011
231101
231110
41111
42011
42101
42110
14111
24011
24101
24110
4103000
4202000
4301000
1403000
2402000
3401000
3311000
1304000
2204000
3104000
404000
1103111
1202111
1203011
1203101
1203110
1301111
1302011
1302101
1302110
2102111
2103011
2103101
2103110
2201111
2202011
2202101
2202110
2301011
2301101
2301110
401111
402011
402101
402110
311111
312011
312101
312110
321011
321101
321110
104111
204011
204101
204110
4004000
4001111
4002011
4002101
4002110
3101111
3102011
3102101
3102110
3201011
3201101
3201110
3011111
3012011
3012101
3012110
3021011
3021101
3021110
1004111
2004011
2004101
2004110
1001222
1002122
1002212
1002221
2001122
2001212
2001221
101222
102122
102212
102221
201122
201212
201221
11222
12122
12212
12221
21122
21212
21221
4130000
4220000
4310000
1430000
2420000
3410000
1340000
2240000
3140000
440000
1130111
1220111
1230011
1230101
1230110
1310111
1320011
1320101
1320110
2120111
2130011
2130101
2130110
2210111
2220011
2220101
2220110
2310011
2310101
2310110
410111
420011
420101
420110
140111
240011
240101
240110
4040000
4010111
4020011
4020101
4020110
3110111
3120011
3120101
3120110
3210011
3210101
3210110
1040111
2040011
2040101
2040110
1010222
1020122
1020212
1020221
2010122
2010212
2010221
110222
120122
120212
120221
210122
210212
210221
4400000
4100111
4200011
4200101
4200110
1400111
2400011
2400101
2400110
1100222
1200122
1200212
1200221
2100122
2100212
2100221
2333
3233
3323
3332
1001333
1002233
1002323
1002332
1003133
1003223
1003232
1003313
1003322
1003331
2000333
2001233
2001323
2001332
2002133
2002223
2002232
2002313
2002322
2002331
2003033
2003123
2003132
2003213
2003222
2003231
2003303
2003312
2003321
2003330
101333
102233
102323
102332
103133
103223
103232
103313
103322
103331
200333
201233
201323
201332
202133
202223
202232
202313
202322
202331
203033
203123
203132
203213
203222
203231
203303
203312
203321
203330
11333
12233
12323
12332
13133
13223
13232
13313
13322
13331
20333
21233
21323
21332
22133
22223
22232
22313
22322
22331
23033
23123
23132
23213
23222
23231
23303
23312
23321
23330
4133
4223
4232
4313
4322
4331
1433
2423
2432
3413
3422
3431
1343
2243
2342
3143
3242
3341
1334
2234
2324
3134
3224
3314
30233
30323
30332
1010333
1020233
1020323
1020332
1030133
1030223
1030232
1030313
1030322
1030331
2010233
2010323
2010332
2020133
2020223
2020232
2020313
2020322
2020331
2030033
2030123
2030132
2030213
2030222
2030231
2030303
2030312
2030321
2030330
110333
120233
120323
120332
130133
130223
130232
130313
130322
130331
210233
210323
210332
220133
220223
220232
220313
220322
220331
230033
230123
230132
230213
230222
230231
230303
230312
230321
230330
40133
40223
40232
40313
40322
40331
31133
31223
31232
31313
31322
31331
32033
32123
32132
32213
32222
32231
32303
32312
32321
32330
10433
20423
20432
30413
30422
30431
10343
20243
20342
30143
30242
30341
10334
20234
20324
30134
30224
30314
300233
300323
300332
1100333
1200233
1200323
1200332
1300133
1300223
1300232
1300313
1300322
1300331
2100233
2100323
2100332
2200133
2200223
2200232
2200313
2200322
2200331
2300033
2300123
2300132
2300213
2300222
2300231
2300303
2300312
2300321
2300330
400133
400223
400232
400313
400322
400331
310133
310223
310232
310313
310322
310331
320033
320123
320132
320213
320222
320231
320303
320312
320321
320330
301133
301223
301232
301313
301322
301331
302033
302123
302132
302213
302222
302231
302303
302312
302321
302330
100433
200423
200432
300413
300422
300431
100343
200243
200342
300143
300242
300341
100334
200234
200324
300134
300224
300314
3000233
3000323
3000332
4000133
4000223
4000232
4000313
4000322
4000331
3100133
3100223
3100232
3100313
3100322
3100331
3200033
3200123
3200132
3200213
3200222
3200231
3200303
3200312
3200321
3200330
3010133
3010223
3010232
3010313
3010322
3010331
3020033
3020123
3020132
3020213
3020222
3020231
3020303
3020312
3020321
3020330
3001133
3001223
3001232
3001313
3001322
3001331
3002033
3002123
3002132
3002213
3002222
3002231
3002303
3002312
3002321
3002330
1000433
2000423
2000432
3000413
3000422
3000431
1000343
2000243
2000342
3000143
3000242
3000341
1000334
2000234
2000324
3000134
3000224
3000314
434
344
443
1000244
1000424
1000442
2000144
2000414
2000441
100244
100424
100442
200144
200414
200441
10244
10424
10442
20144
20414
20441
1244
1424
1442
2144
2414
2441
33023
33032
1013033
1022033
1023023
1023032
1031033
1032023
1032032
1033013
1033022
1033031
2012033
2013023
2013032
2021033
2022023
2022032
2023013
2023022
2023031
2031023
2031032
2032013
2032022
2032031
2033003
2033012
2033021
2033030
113033
122033
123023
123032
131033
132023
132032
133013
133022
133031
212033
213023
213032
221033
222023
222032
223013
223022
223031
231023
231032
232013
232022
232031
233003
233012
233021
233030
41033
42023
42032
43013
43022
43031
14033
24023
24032
34013
34022
34031
33113
33122
33131
33203
33212
33221
33230
13043
22043
23042
31043
32042
33041
13034
22034
23024
31034
32024
33014
303023
303032
1103033
1202033
1203023
1203032
1301033
1302023
1302032
1303013
1303022
1303031
2102033
2103023
2103032
2201033
2202023
2202032
2203013
2203022
2203031
2301023
2301032
2302013
2302022
2302031
2303003
2303012
2303021
2303030
401033
402023
402032
403013
403022
403031
311033
312023
312032
313013
313022
313031
321023
321032
322013
322022
322031
323003
323012
323021
323030
104033
204023
204032
304013
304022
304031
303113
303122
303131
303203
303212
303221
303230
103043
202043
203042
301043
302042
303041
103034
202034
203024
301034
302024
303014
3003023
3003032
4001033
4002023
4002032
4003013
4003022
4003031
3101033
3102023
3102032
3103013
3103022
3103031
3201023
3201032
3202013
3202022
3202031
3203003
3203012
3203021
3203030
3011033
3012023
3012032
3013013
3013022
3013031
3021023
3021032
3022013
3022022
3022031
3023003
3023012
3023021
3023030
1004033
2004023
2004032
3004013
3004022
3004031
3003113
3003122
3003131
3003203
3003212
3003221
3003230
1003043
2002043
2003042
3001043
3002042
3003041
1003034
2002034
2003024
3001034
3002024
3003014
4034
3044
4043
1001144
1002044
1002134
1002143
1003124
1003142
2001044
2001134
2001143
2002124
2002142
2003114
2003141
101144
102044
102134
102143
103124
103142
201044
201134
201143
202124
202142
203114
203141
11144
12044
12134
12143
13124
13142
21044
21134
21143
22124
22142
23114
23141
4124
4142
330023
330032
1130033
1220033
1230023
1230032
1310033
1320023
1320032
1330013
1330022
1330031
2120033
2130023
2130032
2210033
2220023
2220032
2230013
2230022
2230031
2310023
2310032
2320013
2320022
2320031
2330003
2330012
2330021
2330030
410033
420023
420032
430013
430022
430031
140033
240023
240032
340013
340022
340031
331013
331022
331031
332003
332012
332021
332030
330113
330122
330131
330203
330212
330221
330230
130043
220043
230042
310043
320042
330041
130034
220034
230024
310034
320024
330014
3030023
3030032
4010033
4020023
4020032
4030013
4030022
4030031
3110033
3120023
3120032
3130013
3130022
3130031
3210023
3210032
3220013
3220022
3220031
3230003
3230012
3230021
3230030
1040033
2040023
2040032
3040013
3040022
3040031
3031013
3031022
3031031
3032003
3032012
3032021
3032030
3030113
3030122
3030131
3030203
3030212
3030221
3030230
1030043
2020043
2030042
3010043
3020042
3030041
1030034
2020034
2030024
3010034
3020024
3030014
40034
30044
40043
1010144
1020044
1020134
1020143
1030124
1030142
2010044
2010134
2010143
2020124
2020142
2030114
2030141
110144
120044
120134
120143
130124
130142
210044
210134
210143
220124
220142
230114
230141
40124
40142
31124
31142
32114
32141
3300023
3300032
4100033
4200023
4200032
4300013
4300022
4300031
1400033
2400023
2400032
3400013
3400022
3400031
3310013
3310022
3310031
3320003
3320012
3320021
3320030
3301013
3301022
3301031
3302003
3302012
3302021
3302030
3300113
3300122
3300131
3300203
3300212
3300221
3300230
1300043
2200043
2300042
3100043
3200042
3300041
1300034
2200034
2300024
3100034
3200024
3300014
400034
300044
400043
1100144
1200044
1200134
1200143
1300124
1300142
2100044
2100134
2100143
2200124
2200142
2300114
2300141
400124
400142
310124
310142
320114
320141
301124
301142
302114
302141
4000034
3000044
4000043
4000124
4000142
3100124
3100142
3200114
3200141
3010124
3010142
3020114
3020141
3001124
3001142
3002114
3002141
33302
1013303
1022303
1023203
1023302
1031303
1032203
1032302
1033103
1033202
1033301
2012303
2013203
2013302
2021303
2022203
2022302
2023103
2023202
2023301
2031203
2031302
2032103
2032202
2032301
2033102
2033201
2033300
113303
122303
123203
123302
131303
132203
132302
133103
133202
133301
212303
213203
213302
221303
222203
222302
223103
223202
223301
231203
231302
232103
232202
232301
233102
233201
233300
41303
42203
42302
43103
43202
43301
14303
24203
24302
34103
34202
34301
13403
22403
23402
31403
32402
33401
33311
33320
13304
22304
23204
31304
32204
33104
303302
1103303
1202303
1203203
1203302
1301303
1302203
1302302
1303103
1303202
1303301
2102303
2103203
2103302
2201303
2202203
2202302
2203103
2203202
2203301
2301203
2301302
2302103
2302202
2302301
2303102
2303201
2303300
401303
402203
402302
403103
403202
403301
311303
312203
312302
313103
313202
313301
321203
321302
322103
322202
322301
323102
323201
323300
104303
204203
204302
304103
304202
304301
103403
202403
203402
301403
302402
303401
303311
303320
103304
202304
203204
301304
302204
303104
3003302
4001303
4002203
4002302
4003103
4003202
4003301
3101303
3102203
3102302
3103103
3103202
3103301
3201203
3201302
3202103
3202202
3202301
3203102
3203201
3203300
3011303
3012203
3012302
3013103
3013202
3013301
3021203
3021302
3022103
3022202
3022301
3023102
3023201
3023300
1004303
2004203
2004302
3004103
3004202
3004301
1003403
2002403
2003402
3001403
3002402
3003401
3003311
3003320
1003304
2002304
2003204
3001304
3002204
3003104
4304
3404
4403
1001414
1002314
1002404
1002413
1003214
1003412
2001314
2001404
2001413
2002214
2002412
2003411
101414
102314
102404
102413
103214
103412
201314
201404
201413
202214
202412
203411
11414
12314
12404
12413
13214
13412
21314
21404
21413
22214
22412
23411
4214
4412
330302
1130303
1220303
1230203
1230302
1310303
1320203
1320302
1330103
1330202
1330301
2120303
2130203
2130302
2210303
2220203
2220302
2230103
2230202
2230301
2310203
2310302
2320103
2320202
2320301
2330102
2330201
2330300
410303
420203
420302
430103
430202
430301
140303
240203
240302
340103
340202
340301
331103
331202
331301
332102
332201
332300
130403
220403
230402
310403
320402
330401
330311
330320
130304
220304
230204
310304
320204
330104
3030302
4010303
4020203
4020302
4030103
4030202
4030301
3110303
3120203
3120302
3130103
3130202
3130301
3210203
3210302
3220103
3220202
3220301
3230102
3230201
3230300
1040303
2040203
2040302
3040103
3040202
3040301
3031103
3031202
3031301
3032102
3032201
3032300
1030403
2020403
2030402
3010403
3020402
3030401
3030311
3030320
1030304
2020304
2030204
3010304
3020204
3030104
40304
30404
40403
1010414
1020314
1020404
1020413
1030214
1030412
2010314
2010404
2010413
2020214
2020412
2030411
110414
120314
120404
120413
130214
130412
210314
210404
210413
220214
220412
230411
40214
40412
31214
31412
32411
3300302
4100303
4200203
4200302
4300103
4300202
4300301
1400303
2400203
2400302
3400103
3400202
3400301
3310103
3310202
3310301
3320102
3320201
3320300
3301103
3301202
3301301
3302102
3302201
3302300
1300403
2200403
2300402
3100403
3200402
3300401
3300311
3300320
1300304
2200304
2300204
3100304
3200204
3300104
400304
300404
400403
1100414
1200314
1200404
1200413
1300214
1300412
2100314
2100404
2100413
2200214
2200412
2300411
400214
400412
310214
310412
320411
301214
301412
302411
4000304
3000404
4000403
4000214
4000412
3100214
3100412
3200411
3010214
3010412
3020411
3001214
3001412
3002411
333002
1133003
1223003
1232003
1233002
1313003
1322003
1323002
1331003
1332002
1333001
2123003
2132003
2133002
2213003
2222003
2223002
2231003
2232002
2233001
2312003
2313002
2321003
2322002
2323001
2331002
2332001
2333000
413003
422003
423002
431003
432002
433001
143003
242003
243002
341003
342002
343001
134003
224003
234002
314003
324002
334001
333101
333200
333011
333020
133004
223004
232004
313004
322004
331004
3033002
4013003
4022003
4023002
4031003
4032002
4033001
3113003
3122003
3123002
3131003
3132002
3133001
3212003
3213002
3221003
3222002
3223001
3231002
3232001
3233000
1043003
2042003
2043002
3041003
3042002
3043001
1034003
2024003
2034002
3014003
3024002
3034001
3033101
3033200
3033011
3033020
1033004
2023004
2032004
3013004
3022004
3031004
43004
34004
44003
1013114
1022114
1023014
1023104
1023113
1031114
1032014
1032104
1032113
1033112
2012114
2013014
2013104
2013113
2021114
2022014
2022104
2022113
2023112
2031014
2031104
2031113
2032112
2033111
113114
122114
123014
123104
123113
131114
132014
132104
132113
133112
212114
213014
213104
213113
221114
222014
222104
222113
223112
231014
231104
231113
232112
233111
41114
42014
42104
42113
43112
14114
24014
24104
24113
34112
3303002
4103003
4202003
4203002
4301003
4302002
4303001
1403003
2402003
2403002
3401003
3402002
3403001
3311003
3312002
3313001
3321002
3322001
3323000
1304003
2204003
2304002
3104003
3204002
3304001
3303101
3303200
3303011
3303020
1303004
2203004
2302004
3103004
3202004
3301004
403004
304004
404003
1103114
1202114
1203014
1203104
1203113
1301114
1302014
1302104
1302113
1303112
2102114
2103014
2103104
2103113
2201114
2202014
2202104
2202113
2203112
2301014
2301104
2301113
2302112
2303111
401114
402014
402104
402113
403112
311114
312014
312104
312113
313112
321014
321104
321113
322112
323111
104114
204014
204104
204113
304112
4003004
3004004
4004003
4001114
4002014
4002104
4002113
4003112
3101114
3102014
3102104
3102113
3103112
3201014
3201104
3201113
3202112
3203111
3011114
3012014
3012104
3012113
3013112
3021014
3021104
3021113
3022112
3023111
1004114
2004014
2004104
2004113
3004112
1002224
2001224
102224
201224
12224
21224
3330002
4130003
4220003
4230002
4310003
4320002
4330001
1430003
2420003
2430002
3410003
3420002
3430001
1340003
2240003
2340002
3140003
3240002
3340001
3331001
3332000
3330101
3330200
3330011
3330020
1330004
2230004
2320004
3130004
3220004
3310004
430004
340004
440003
1130114
1220114
1230014
1230104
1230113
1310114
1320014
1320104
1320113
1330112
2120114
2130014
2130104
2130113
2210114
2220014
2220104
2220113
2230112
2310014
2310104
2310113
2320112
2330111
410114
420014
420104
420113
430112
140114
240014
240104
240113
340112
331112
332111
4030004
3040004
4040003
4010114
4020014
4020104
4020113
4030112
3110114
3120014
3120104
3120113
3130112
3210014
3210104
3210113
3220112
3230111
1040114
2040014
2040104
2040113
3040112
3031112
3032111
1020224
2010224
120224
210224
4300004
3400004
4400003
4100114
4200014
4200104
4200113
4300112
1400114
2400014
2400104
2400113
3400112
3310112
3320111
3301112
3302111
1200224
2100224
1013330
1022330
1023230
1023320
1031330
1032230
1032320
1033130
1033220
1033310
2012330
2013230
2013320
2021330
2022230
2022320
2023130
2023220
2023310
2031230
2031320
2032130
2032220
2032310
2033120
2033210
113330
122330
123230
123320
131330
132230
132320
133130
133220
133310
212330
213230
213320
221330
222230
222320
223130
223220
223310
231230
231320
232130
232220
232310
233120
233210
41330
42230
42320
43130
43220
43310
14330
24230
24320
34130
34220
34310
13430
22430
23420
31430
32420
33410
13340
22340
23240
31340
32240
33140
1103330
1202330
1203230
1203320
1301330
1302230
1302320
1303130
1303220
1303310
2102330
2103230
2103320
2201330
2202230
2202320
2203130
2203220
2203310
2301230
2301320
2302130
2302220
2302310
2303120
2303210
401330
402230
402320
403130
403220
403310
311330
312230
312320
313130
313220
313310
321230
321320
322130
322220
322310
323120
323210
104330
204230
204320
304130
304220
304310
103430
202430
203420
301430
302420
303410
103340
202340
203240
301340
302240
303140
4001330
4002230
4002320
4003130
4003220
4003310
3101330
3102230
3102320
3103130
3103220
3103310
3201230
3201320
3202130
3202220
3202310
3203120
3203210
3011330
3012230
3012320
3013130
3013220
3013310
3021230
3021320
3022130
3022220
3022310
3023120
3023210
1004330
2004230
2004320
3004130
3004220
3004310
1003430
2002430
2003420
3001430
3002420
3003410
1003340
2002340
2003240
3001340
3002240
3003140
4340
3440
4430
1001441
1002341
1002431
1002440
1003241
1003421
2001341
2001431
2001440
2002241
2002421
101441
102341
102431
102440
103241
103421
201341
201431
201440
202241
202421
11441
12341
12431
12440
13241
13421
21341
21431
21440
22241
22421
4241
4421
1130330
1220330
1230230
1230320
1310330
1320230
1320320
1330130
1330220
1330310
2120330
2130230
2130320
2210330
2220230
2220320
2230130
2230220
2230310
2310230
2310320
2320130
2320220
2320310
2330120
2330210
410330
420230
420320
430130
430220
430310
140330
240230
240320
340130
340220
340310
331130
331220
331310
332120
332210
130430
220430
230420
310430
320420
330410
130340
220340
230240
310340
320240
330140
4010330
4020230
4020320
4030130
4030220
4030310
3110330
3120230
3120320
3130130
3130220
3130310
3210230
3210320
3220130
3220220
3220310
3230120
3230210
1040330
2040230
2040320
3040130
3040220
3040310
3031130
3031220
3031310
3032120
3032210
1030430
2020430
2030420
3010430
3020420
3030410
1030340
2020340
2030240
3010340
3020240
3030140
40340
30440
40430
1010441
1020341
1020431
1020440
1030241
1030421
2010341
2010431
2010440
2020241
2020421
110441
120341
120431
120440
130241
130421
210341
210431
210440
220241
220421
40241
40421
31241
31421
4100330
4200230
4200320
4300130
4300220
4300310
1400330
2400230
2400320
3400130
3400220
3400310
3310130
3310220
3310310
3320120
3320210
3301130
3301220
3301310
3302120
3302210
1300430
2200430
2300420
3100430
3200420
3300410
1300340
2200340
2300240
3100340
3200240
3300140
400340
300440
400430
1100441
1200341
1200431
1200440
1300241
1300421
2100341
2100431
2100440
2200241
2200421
400241
400421
310241
310421
301241
301421
4000340
3000440
4000430
4000241
4000421
3100241
3100421
3010241
3010421
3001241
3001421
1133030
1223030
1232030
1233020
1313030
1322030
1323020
1331030
1332020
1333010
2123030
2132030
2133020
2213030
2222030
2223020
2231030
2232020
2233010
2312030
2313020
2321030
2322020
2323010
2331020
2332010
413030
422030
423020
431030
432020
433010
143030
242030
243020
341030
342020
343010
134030
224030
234020
314030
324020
334010
333110
133040
223040
232040
313040
322040
331040
4013030
4022030
4023020
4031030
4032020
4033010
3113030
3122030
3123020
3131030
3132020
3133010
3212030
3213020
3221030
3222020
3223010
3231020
3232010
1043030
2042030
2043020
3041030
3042020
3043010
1034030
2024030
2034020
3014030
3024020
3034010
3033110
1033040
2023040
2032040
3013040
3022040
3031040
43040
34040
44030
1013141
1022141
1023041
1023131
1023140
1031141
1032041
1032131
1032140
1033121
2012141
2013041
2013131
2013140
2021141
2022041
2022131
2022140
2023121
2031041
2031131
2031140
2032121
113141
122141
123041
123131
123140
131141
132041
132131
132140
133121
212141
213041
213131
213140
221141
222041
222131
222140
223121
231041
231131
231140
232121
41141
42041
42131
42140
43121
14141
24041
24131
24140
34121
4103030
4202030
4203020
4301030
4302020
4303010
1403030
2402030
2403020
3401030
3402020
3403010
3311030
3312020
3313010
3321020
3322010
1304030
2204030
2304020
3104030
3204020
3304010
3303110
1303040
2203040
2302040
3103040
3202040
3301040
403040
304040
404030
1103141
1202141
1203041
1203131
1203140
1301141
1302041
1302131
1302140
1303121
2102141
2103041
2103131
2103140
2201141
2202041
2202131
2202140
2203121
2301041
2301131
2301140
2302121
401141
402041
402131
402140
403121
311141
312041
312131
312140
313121
321041
321131
321140
322121
104141
204041
204131
204140
304121
4003040
3004040
4004030
4001141
4002041
4002131
4002140
4003121
3101141
3102041
3102131
3102140
3103121
3201041
3201131
3201140
3202121
3011141
3012041
3012131
3012140
3013121
3021041
3021131
3021140
3022121
1004141
2004041
2004131
2004140
3004121
1002242
2001242
102242
201242
12242
21242
4130030
4220030
4230020
4310030
4320020
4330010
1430030
2420030
2430020
3410030
3420020
3430010
1340030
2240030
2340020
3140030
3240020
3340010
3331010
3330110
1330040
2230040
2320040
3130040
3220040
3310040
430040
340040
440030
1130141
1220141
1230041
1230131
1230140
1310141
1320041
1320131
1320140
1330121
2120141
2130041
2130131
2130140
2210141
2220041
2220131
2220140
2230121
2310041
2310131
2310140
2320121
410141
420041
420131
420140
430121
140141
240041
240131
240140
340121
331121
4030040
3040040
4040030
4010141
4020041
4020131
4020140
4030121
3110141
3120041
3120131
3120140
3130121
3210041
3210131
3210140
3220121
1040141
2040041
2040131
2040140
3040121
3031121
1020242
2010242
120242
210242
4300040
3400040
4400030
4100141
4200041
4200131
4200140
4300121
1400141
2400041
2400131
2400140
3400121
3310121
3301121
1200242
2100242
1133300
1223300
1232300
1233200
1313300
1322300
1323200
1331300
1332200
1333100
2123300
2132300
2133200
2213300
2222300
2223200
2231300
2232200
2233100
2312300
2313200
2321300
2322200
2323100
2331200
2332100
413300
422300
423200
431300
432200
433100
143300
242300
243200
341300
342200
343100
134300
224300
234200
314300
324200
334100
133400
223400
232400
313400
322400
331400
4013300
4022300
4023200
4031300
4032200
4033100
3113300
3122300
3123200
3131300
3132200
3133100
3212300
3213200
3221300
3222200
3223100
3231200
3232100
1043300
2042300
2043200
3041300
3042200
3043100
1034300
2024300
2034200
3014300
3024200
3034100
1033400
2023400
2032400
3013400
3022400
3031400
43400
34400
44300
1013411
1022411
1023311
1023401
1023410
1031411
1032311
1032401
1032410
1033211
2012411
2013311
2013401
2013410
2021411
2022311
2022401
2022410
2023211
2031311
2031401
2031410
2032211
113411
122411
123311
123401
123410
131411
132311
132401
132410
133211
212411
213311
213401
213410
221411
222311
222401
222410
223211
231311
231401
231410
232211
41411
42311
42401
42410
43211
14411
24311
24401
24410
34211
4103300
4202300
4203200
4301300
4302200
4303100
1403300
2402300
2403200
3401300
3402200
3403100
3311300
3312200
3313100
3321200
3322100
1304300
2204300
2304200
3104300
3204200
3304100
1303400
2203400
2302400
3103400
3202400
3301400
403400
304400
404300
1103411
1202411
1203311
1203401
1203410
1301411
1302311
1302401
1302410
1303211
2102411
2103311
2103401
2103410
2201411
2202311
2202401
2202410
2203211
2301311
2301401
2301410
2302211
401411
402311
402401
402410
403211
311411
312311
312401
312410
313211
321311
321401
321410
322211
104411
204311
204401
204410
304211
4003400
3004400
4004300
4001411
4002311
4002401
4002410
4003211
3101411
3102311
3102401
3102410
3103211
3201311
3201401
3201410
3202211
3011411
3012311
3012401
3012410
3013211
3021311
3021401
3021410
3022211
1004411
2004311
2004401
2004410
3004211
1002422
2001422
102422
201422
12422
21422
4130300
4220300
4230200
4310300
4320200
4330100
1430300
2420300
2430200
3410300
3420200
3430100
1340300
2240300
2340200
3140300
3240200
3340100
3331100
1330400
2230400
2320400
3130400
3220400
3310400
430400
340400
440300
1130411
1220411
1230311
1230401
1230410
1310411
1320311
1320401
1320410
1330211
2120411
2130311
2130401
2130410
2210411
2220311
2220401
2220410
2230211
2310311
2310401
2310410
2320211
410411
420311
420401
420410
430211
140411
240311
240401
240410
340211
331211
4030400
3040400
4040300
4010411
4020311
4020401
4020410
4030211
3110411
3120311
3120401
3120410
3130211
3210311
3210401
3210410
3220211
1040411
2040311
2040401
2040410
3040211
3031211
1020422
2010422
120422
210422
4300400
3400400
4400300
4100411
4200311
4200401
4200410
4300211
1400411
2400311
2400401
2400410
3400211
3310211
3301211
1200422
2100422
4133000
4223000
4232000
4313000
4322000
4331000
1433000
2423000
2432000
3413000
3422000
3431000
1343000
2243000
2342000
3143000
3242000
3341000
1334000
2234000
2324000
3134000
3224000
3314000
434000
344000
443000
1133111
1223111
1232111
1233011
1233101
1233110
1313111
1322111
1323011
1323101
1323110
1331111
1332011
1332101
1332110
2123111
2132111
2133011
2133101
2133110
2213111
2222111
2223011
2223101
2223110
2231111
2232011
2232101
2232110
2312111
2313011
2313101
2313110
2321111
2322011
2322101
2322110
2331011
2331101
2331110
413111
422111
423011
423101
423110
431111
432011
432101
432110
143111
242111
243011
243101
243110
341111
342011
342101
342110
134111
224111
234011
234101
234110
314111
324011
324101
324110
4034000
3044000
4043000
4013111
4022111
4023011
4023101
4023110
4031111
4032011
4032101
4032110
3113111
3122111
3123011
3123101
3123110
3131111
3132011
3132101
3132110
3212111
3213011
3213101
3213110
3221111
3222011
3222101
3222110
3231011
3231101
3231110
1043111
2042111
2043011
2043101
2043110
3041111
3042011
3042101
3042110
1034111
2024111
2034011
2034101
2034110
3014111
3024011
3024101
3024110
44111
1013222
1022222
1023122
1023212
1023221
1031222
1032122
1032212
1032221
2012222
2013122
2013212
2013221
2021222
2022122
2022212
2022221
2031122
2031212
2031221
113222
122222
123122
123212
123221
131222
132122
132212
132221
212222
213122
213212
213221
221222
222122
222212
222221
231122
231212
231221
41222
42122
42212
42221
14222
24122
24212
24221
4304000
3404000
4403000
4103111
4202111
4203011
4203101
4203110
4301111
4302011
4302101
4302110
1403111
2402111
2403011
2403101
2403110
3401111
3402011
3402101
3402110
3311111
3312011
3312101
3312110
3321011
3321101
3321110
1304111
2204111
2304011
2304101
2304110
3104111
3204011
3204101
3204110
404111
1103222
1202222
1203122
1203212
1203221
1301222
1302122
1302212
1302221
2102222
2103122
2103212
2103221
2201222
2202122
2202212
2202221
2301122
2301212
2301221
401222
402122
402212
402221
311222
312122
312212
312221
321122
321212
321221
104222
204122
204212
204221
4004111
4001222
4002122
4002212
4002221
3101222
3102122
3102212
3102221
3201122
3201212
3201221
3011222
3012122
3012212
3012221
3021122
3021212
3021221
1004222
2004122
2004212
2004221
4340000
3440000
4430000
4130111
4220111
4230011
4230101
4230110
4310111
4320011
4320101
4320110
1430111
2420111
2430011
2430101
2430110
3410111
3420011
3420101
3420110
1340111
2240111
2340011
2340101
2340110
3140111
3240011
3240101
3240110
440111
1130222
1220222
1230122
1230212
1230221
1310222
1320122
1320212
1320221
2120222
2130122
2130212
2130221
2210222
2220122
2220212
2220221
2310122
2310212
2310221
410222
420122
420212
420221
140222
240122
240212
240221
4040111
4010222
4020122
4020212
4020221
3110222
3120122
3120212
3120221
3210122
3210212
3210221
1040222
2040122
2040212
2040221
4400111
4100222
4200122
4200212
4200221
1400222
2400122
2400212
2400221