2
20
200
2000
20000
200000
2000000
11
101
110
23
32
203
302
2003
3002
20003
30002
200003
300002
2000003
3000002
14
104
113
230
320
2030
3020
20030
30020
200030
300020
2000030
3000020
41
131
140
2300
3200
20300
30200
200300
300200
2000300
3000200
311
401
410
23000
32000
203000
302000
2003000
3002000
2111
3011
3101
3110
230000
320000
2030000
3020000
20111
30011
30101
30110
2300000
3200000
200111
300011
300101
300110
2000111
3000011
3000101
3000110
122
212
221
233
323
332
2033
3023
3032
20033
30023
30032
200033
300023
300032
2000033
3000023
3000032
44
134
143
2303
3203
3302
20303
30203
30302
200303
300203
300302
2000303
3000203
3000302
314
404
413
23003
32003
33002
203003
302003
303002
2003003
3002003
3003002
2114
3014
3104
3113
230003
320003
330002
2030003
3020003
3030002
20114
30014
30104
30113
2300003
3200003
3300002
200114
300014
300104
300113
2000114
3000014
3000104
3000113
224
2330
3230
3320
20330
30230
30320
200330
300230
300320
2000330
3000230
3000320
341
431
440
23030
32030
33020
203030
302030
303020
2003030
3002030
3003020
2141
3041
3131
3140
230030
320030
330020
2030030
3020030
3030020
20141
30041
30131
30140
2300030
3200030
3300020
200141
300041
300131
300140
2000141
3000041
3000131
3000140
242
23300
32300
33200
203300
302300
303200
2003300
3002300
3003200
2411
3311
3401
3410
230300
320300
330200
2030300
3020300
3030200
20411
30311
30401
30410
2300300
3200300
3300200
200411
300311
300401
300410
2000411
3000311
3000401
3000410
422
233000
323000
332000
2033000
3023000
3032000
23111
32111
33011
33101
33110
2303000
3203000
3302000
203111
302111
303011
303101
303110
2003111
3002111
3003011
3003101
3003110
2222
3122
3212
3221
2330000
3230000
3320000
230111
320111
330011
330101
330110
2030111
3020111
3030011
3030101
3030110
20222
30122
30212
30221
2300111
3200111
3300011
3300101
3300110
200222
300122
300212
300221
2000222
3000122
3000212
3000221
2333
3233
3323
3332
20333
30233
30323
30332
200333
300233
300323
300332
2000333
3000233
3000323
3000332
344
434
443
23033
32033
33023
33032
203033
302033
303023
303032
2003033
3002033
3003023
3003032
2144
3044
3134
3143
230033
320033
330023
330032
2030033
3020033
3030023
3030032
20144
30044
30134
30143
2300033
3200033
3300023
3300032
200144
300044
300134
300143
2000144
3000044
3000134
3000143
23303
32303
33203
33302
203303
302303
303203
303302
2003303
3002303
3003203
3003302
2414
3314
3404
3413
230303
320303
330203
330302
2030303
3020303
3030203
3030302
20414
30314
30404
30413
2300303
3200303
3300203
3300302
200414
300314
300404
300413
2000414
3000314
3000404
3000413
233003
323003
332003
333002
2033003
3023003
3032003
3033002
23114
32114
33014
33104
33113
2303003
3203003
3302003
3303002
203114
302114
303014
303104
303113
2003114
3002114
3003014
3003104
3003113
3224
2330003
3230003
3320003
3330002
230114
320114
330014
330104
330113
2030114
3020114
3030014
3030104
3030113
30224
2300114
3200114
3300014
3300104
3300113
300224
3000224
23330
32330
33230
33320
203330
302330
303230
303320
2003330
3002330
3003230
3003320
2441
3341
3431
3440
230330
320330
330230
330320
2030330
3020330
3030230
3030320
20441
30341
30431
30440
2300330
3200330
3300230
3300320
200441
300341
300431
300440
2000441
3000341
3000431
3000440
233030
323030
332030
333020
2033030
3023030
3032030
3033020
23141
32141
33041
33131
33140
2303030
3203030
3302030
3303020
203141
302141
303041
303131
303140
2003141
3002141
3003041
3003131
3003140
3242
2330030
3230030
3320030
3330020
230141
320141
330041
330131
330140
2030141
3020141
3030041
3030131
3030140
30242
2300141
3200141
3300041
3300131
3300140
300242
3000242
233300
323300
332300
333200
2033300
3023300
3032300
3033200
23411
32411
33311
33401
33410
2303300
3203300
3302300
3303200
203411
302411
303311
303401
303410
2003411
3002411
3003311
3003401
3003410
3422
2330300
3230300
3320300
3330200
230411
320411
330311
330401
330410
2030411
3020411
3030311
3030401
3030410
30422
2300411
3200411
3300311
3300401
3300410
300422
3000422
2333000
3233000
3323000
3332000
233111
323111
332111
333011
333101
333110
2033111
3023111
3032111
3033011
3033101
3033110
23222
32222
33122
33212
33221
2303111
3203111
3302111
3303011
3303101
3303110
203222
302222
303122
303212
303221
2003222
3002222
3003122
3003212
3003221
2330111
3230111
3320111
3330011
3330101
3330110
230222
320222
330122
330212
330221
2030222
3020222
3030122
3030212
3030221
2300222
3200222
3300122
3300212
3300221