1
10
1000000
100000
10000
1000
100
13
22
31
103
112
121
130
202
211
220
301
310
1000003
1000012
1000021
1000030
1000102
1000111
1000120
1000201
1000210
1000300
2000002
2000011
2000020
2000101
2000110
2000200
100003
100012
100021
100030
100102
100111
100120
100201
100210
100300
200002
200011
200020
200101
200110
200200
10003
10012
10021
10030
10102
10111
10120
10201
10210
10300
20002
20011
20020
20101
20110
20200
1003
1012
1021
1030
1102
1111
1120
1201
1210
1300
2002
2011
2020
2101
2110
2200
400
40
4
3001
3010
1001002
1001011
1001020
1002001
1002010
1003000
2001001
2001010
2002000
101002
101011
101020
102001
102010
103000
201001
201010
202000
11002
11011
11020
12001
12010
13000
21001
21010
22000
4000
3100
30001
30010
1010002
1010011
1010020
1020001
1020010
1030000
2010001
2010010
2020000
110002
110011
110020
120001
120010
130000
210001
210010
220000
40000
31000
30100
300001
300010
1100002
1100011
1100020
1200001
1200010
1300000
2100001
2100010
2200000
400000
310000
301000
300100
3000001
3000010
4000000
3100000
3010000
3001000
3000100
1001101
1001200
1002100
2001100
101101
101200
102100
201100
11101
11200
12100
21100
1010101
1010200
1020100
2010100
110101
110200
120100
210100
1100101
1100200
1200100
2100100
1011001
1012000
1021000
2011000
111001
112000
121000
211000
1101001
1102000
1201000
2101000
1001110
101110
11110
1110001
1120000
1210000
2110000
1010110
110110
1100110
1011010
111010
1101010
1110010
1011100
111100
1101100
1110100
1111000
133
223
232
313
322
331
1033
1123
1132
1213
1222
1231
1303
1312
1321
1330
2023
2032
2113
2122
2131
2203
2212
2221
2230
2302
2311
2320
3013
3022
3031
3103
3112
3121
3130
3202
3211
3220
3301
3310
1000033
1000123
1000132
1000213
1000222
1000231
1000303
1000312
1000321
1000330
1001023
1001032
1001113
1001122
1001131
1001203
1001212
1001221
1001230
1001302
1001311
1001320
1002013
1002022
1002031
1002103
1002112
1002121
1002130
1002202
1002211
1002220
1002301
1002310
1003003
1003012
1003021
1003030
1003102
1003111
1003120
1003201
1003210
1003300
2000023
2000032
2000113
2000122
2000131
2000203
2000212
2000221
2000230
2000302
2000311
2000320
2001013
2001022
2001031
2001103
2001112
2001121
2001130
2001202
2001211
2001220
2001301
2001310
2002003
2002012
2002021
2002030
2002102
2002111
2002120
2002201
2002210
2002300
2003002
2003011
2003020
2003101
2003110
2003200
100033
100123
100132
100213
100222
100231
100303
100312
100321
100330
101023
101032
101113
101122
101131
101203
101212
101221
101230
101302
101311
101320
102013
102022
102031
102103
102112
102121
102130
102202
102211
102220
102301
102310
103003
103012
103021
103030
103102
103111
103120
103201
103210
103300
200023
200032
200113
200122
200131
200203
200212
200221
200230
200302
200311
200320
201013
201022
201031
201103
201112
201121
201130
201202
201211
201220
201301
201310
202003
202012
202021
202030
202102
202111
202120
202201
202210
202300
203002
203011
203020
203101
203110
203200
10033
10123
10132
10213
10222
10231
10303
10312
10321
10330
11023
11032
11113
11122
11131
11203
11212
11221
11230
11302
11311
11320
12013
12022
12031
12103
12112
12121
12130
12202
12211
12220
12301
12310
13003
13012
13021
13030
13102
13111
13120
13201
13210
13300
20023
20032
20113
20122
20131
20203
20212
20221
20230
20302
20311
20320
21013
21022
21031
21103
21112
21121
21130
21202
21211
21220
21301
21310
22003
22012
22021
22030
22102
22111
22120
22201
22210
22300
23002
23011
23020
23101
23110
23200
4003
4012
4021
4030
4102
4111
4120
4201
4210
4300
403
412
421
430
1402
1411
1420
2401
2410
3400
43
142
241
340
1042
1141
1240
2041
2140
3040
34
124
214
304
1024
1114
1204
2014
2104
3004
30013
30022
30031
30103
30112
30121
30130
30202
30211
30220
30301
30310
1010023
1010032
1010113
1010122
1010131
1010203
1010212
1010221
1010230
1010302
1010311
1010320
1020013
1020022
1020031
1020103
1020112
1020121
1020130
1020202
1020211
1020220
1020301
1020310
1030003
1030012
1030021
1030030
1030102
1030111
1030120
1030201
1030210
1030300
2010013
2010022
2010031
2010103
2010112
2010121
2010130
2010202
2010211
2010220
2010301
2010310
2020003
2020012
2020021
2020030
2020102
2020111
2020120
2020201
2020210
2020300
2030002
2030011
2030020
2030101
2030110
2030200
110023
110032
110113
110122
110131
110203
110212
110221
110230
110302
110311
110320
120013
120022
120031
120103
120112
120121
120130
120202
120211
120220
120301
120310
130003
130012
130021
130030
130102
130111
130120
130201
130210
130300
210013
210022
210031
210103
210112
210121
210130
210202
210211
210220
210301
210310
220003
220012
220021
220030
220102
220111
220120
220201
220210
220300
230002
230011
230020
230101
230110
230200
40003
40012
40021
40030
40102
40111
40120
40201
40210
40300
31003
31012
31021
31030
31102
31111
31120
31201
31210
31300
32002
32011
32020
32101
32110
32200
10402
10411
10420
20401
20410
30400
10042
10141
10240
20041
20140
30040
10024
10114
10204
20014
20104
30004
300013
300022
300031
300103
300112
300121
300130
300202
300211
300220
300301
300310
1100023
1100032
1100113
1100122
1100131
1100203
1100212
1100221
1100230
1100302
1100311
1100320
1200013
1200022
1200031
1200103
1200112
1200121
1200130
1200202
1200211
1200220
1200301
1200310
1300003
1300012
1300021
1300030
1300102
1300111
1300120
1300201
1300210
1300300
2100013
2100022
2100031
2100103
2100112
2100121
2100130
2100202
2100211
2100220
2100301
2100310
2200003
2200012
2200021
2200030
2200102
2200111
2200120
2200201
2200210
2200300
2300002
2300011
2300020
2300101
2300110
2300200
400003
400012
400021
400030
400102
400111
400120
400201
400210
400300
310003
310012
310021
310030
310102
310111
310120
310201
310210
310300
320002
320011
320020
320101
320110
320200
301003
301012
301021
301030
301102
301111
301120
301201
301210
301300
302002
302011
302020
302101
302110
302200
100402
100411
100420
200401
200410
300400
100042
100141
100240
200041
200140
300040
100024
100114
100204
200014
200104
300004
3000013
3000022
3000031
3000103
3000112
3000121
3000130
3000202
3000211
3000220
3000301
3000310
4000003
4000012
4000021
4000030
4000102
4000111
4000120
4000201
4000210
4000300
3100003
3100012
3100021
3100030
3100102
3100111
3100120
3100201
3100210
3100300
3200002
3200011
3200020
3200101
3200110
3200200
3010003
3010012
3010021
3010030
3010102
3010111
3010120
3010201
3010210
3010300
3020002
3020011
3020020
3020101
3020110
3020200
3001003
3001012
3001021
3001030
3001102
3001111
3001120
3001201
3001210
3001300
3002002
3002011
3002020
3002101
3002110
3002200
1000402
1000411
1000420
2000401
2000410
3000400
1000042
1000141
1000240
2000041
2000140
3000040
1000024
1000114
1000204
2000014
2000104
3000004
33001
33010
1011013
1011022
1011031
1012003
1012012
1012021
1012030
1013002
1013011
1013020
1021003
1021012
1021021
1021030
1022002
1022011
1022020
1023001
1023010
1031002
1031011
1031020
1032001
1032010
1033000
2011003
2011012
2011021
2011030
2012002
2012011
2012020
2013001
2013010
2021002
2021011
2021020
2022001
2022010
2023000
2031001
2031010
2032000
111013
111022
111031
112003
112012
112021
112030
113002
113011
113020
121003
121012
121021
121030
122002
122011
122020
123001
123010
131002
131011
131020
132001
132010
133000
211003
211012
211021
211030
212002
212011
212020
213001
213010
221002
221011
221020
222001
222010
223000
231001
231010
232000
41002
41011
41020
42001
42010
43000
14002
14011
14020
24001
24010
34000
33100
11041
12040
21040
11014
12004
21004
303001
303010
1101013
1101022
1101031
1102003
1102012
1102021
1102030
1103002
1103011
1103020
1201003
1201012
1201021
1201030
1202002
1202011
1202020
1203001
1203010
1301002
1301011
1301020
1302001
1302010
1303000
2101003
2101012
2101021
2101030
2102002
2102011
2102020
2103001
2103010
2201002
2201011
2201020
2202001
2202010
2203000
2301001
2301010
2302000
401002
401011
401020
402001
402010
403000
311002
311011
311020
312001
312010
313000
321001
321010
322000
104002
104011
104020
204001
204010
304000
303100
101041
102040
201040
101014
102004
201004
3003001
3003010
4001002
4001011
4001020
4002001
4002010
4003000
3101002
3101011
3101020
3102001
3102010
3103000
3201001
3201010
3202000
3011002
3011011
3011020
3012001
3012010
3013000
3021001
3021010
3022000
1004002
1004011
1004020
2004001
2004010
3004000
3003100
1001041
1002040
2001040
1001014
1002004
2001004
1001104
1001140
101104
101140
11104
11140
330001
330010
1110013
1110022
1110031
1120003
1120012
1120021
1120030
1130002
1130011
1130020
1210003
1210012
1210021
1210030
1220002
1220011
1220020
1230001
1230010
1310002
1310011
1310020
1320001
1320010
1330000
2110003
2110012
2110021
2110030
2120002
2120011
2120020
2130001
2130010
2210002
2210011
2210020
2220001
2220010
2230000
2310001
2310010
2320000
410002
410011
410020
420001
420010
430000
140002
140011
140020
240001
240010
340000
331000
330100
110041
120040
210040
110014
120004
210004
3030001
3030010
4010002
4010011
4010020
4020001
4020010
4030000
3110002
3110011
3110020
3120001
3120010
3130000
3210001
3210010
3220000
1040002
1040011
1040020
2040001
2040010
3040000
3031000
3030100
1010041
1020040
2010040
1010014
1020004
2010004
1010104
1010140
110104
110140
3300001
3300010
4100002
4100011
4100020
4200001
4200010
4300000
1400002
1400011
1400020
2400001
2400010
3400000
3310000
3301000
3300100
1100041
1200040
2100040
1100014
1200004
2100004
1100104
1100140
1011103
1011202
1011301
1012102
1012201
1012300
1013101
1013200
1021102
1021201
1021300
1022101
1022200
1023100
1031101
1031200
1032100
2011102
2011201
2011300
2012101
2012200
2013100
2021101
2021200
2022100
2031100
111103
111202
111301
112102
112201
112300
113101
113200
121102
121201
121300
122101
122200
123100
131101
131200
132100
211102
211201
211300
212101
212200
213100
221101
221200
222100
231100
41101
41200
42100
14101
14200
24100
11401
12400
21400
1101103
1101202
1101301
1102102
1102201
1102300
1103101
1103200
1201102
1201201
1201300
1202101
1202200
1203100
1301101
1301200
1302100
2101102
2101201
2101300
2102101
2102200
2103100
2201101
2201200
2202100
2301100
401101
401200
402100
311101
311200
312100
321100
104101
104200
204100
101401
102400
201400
4001101
4001200
4002100
3101101
3101200
3102100
3201100
3011101
3011200
3012100
3021100
1004101
1004200
2004100
1001401
1002400
2001400
1001410
101410
11410
1110103
1110202
1110301
1120102
1120201
1120300
1130101
1130200
1210102
1210201
1210300
1220101
1220200
1230100
1310101
1310200
1320100
2110102
2110201
2110300
2120101
2120200
2130100
2210101
2210200
2220100
2310100
410101
410200
420100
140101
140200
240100
110401
120400
210400
4010101
4010200
4020100
3110101
3110200
3120100
3210100
1040101
1040200
2040100
1010401
1020400
2010400
1010410
110410
4100101
4100200
4200100
1400101
1400200
2400100
1100401
1200400
2100400
1100410
1111003
1112002
1113001
1121002
1122001
1123000
1131001
1132000
1211002
1212001
1213000
1221001
1222000
1231000
1311001
1312000
1321000
2111002
2112001
2113000
2121001
2122000
2131000
2211001
2212000
2221000
2311000
411001
412000
421000
141001
142000
241000
114001
124000
214000
111004
4011001
4012000
4021000
3111001
3112000
3121000
3211000
1041001
1042000
2041000
1014001
1024000
2014000
1011004
1011112
1012111
1013110
1021111
1022110
1031110
2011111
2012110
2021110
111112
112111
113110
121111
122110
131110
211111
212110
221110
41110
14110
4101001
4102000
4201000
1401001
1402000
2401000
1104001
1204000
2104000
1101004
1101112
1102111
1103110
1201111
1202110
1301110
2101111
2102110
2201110
401110
311110
104110
4001110
3101110
3011110
1004110
4110001
4120000
4210000
1410001
1420000
2410000
1140001
1240000
2140000
1110004
1110112
1120111
1130110
1210111
1220110
1310110
2110111
2120110
2210110
410110
140110
4010110
3110110
1040110
4100110
1400110
1011130
1011220
1011310
1012120
1012210
1021120
1021210
2011120
2011210
111130
111220
111310
112120
112210
121120
121210
211120
211210
1101130
1101220
1101310
1102120
1102210
1201120
1201210
2101120
2101210
1110130
1110220
1110310
1120120
1120210
1210120
1210210
2110120
2110210
1111030
1112020
1113010
1121020
1122010
1131010
1211020
1212010
1221010
1311010
2111020
2112010
2121010
2211010
411010
141010
114010
111040
4011010
3111010
1041010
1014010
1011040
1011121
111121
4101010
1401010
1104010
1101040
1101121
4110010
1410010
1140010
1110040
1110121
1111300
1112200
1113100
1121200
1122100
1131100
1211200
1212100
1221100
1311100
2111200
2112100
2121100
2211100
411100
141100
114100
111400
4011100
3111100
1041100
1014100
1011400
1011211
111211
4101100
1401100
1104100
1101400
1101211
4110100
1410100
1140100
1110400
1110211
4111000
1411000
1141000
1114000
1111111
1112011
1112101
1112110
1121011
1121101
1121110
1211011
1211101
1211110
2111011
2111101
2111110