3
1000002
2000001
100002
200001
10002
20001
1002
2001
102
201
12
21
30
1000020
2000010
100020
200010
10020
20010
1020
2010
120
210
300
1000200
2000100
100200
200100
10200
20100
1200
2100
3000
1002000
2001000
102000
201000
12000
21000
30000
1020000
2010000
120000
210000
300000
1200000
2100000
3000000
111
1000011
1000101
1000110
100011
100101
100110
10011
10101
10110
1011
1101
1110
33
1000023
1000032
2000013
2000022
2000031
100023
100032
200013
200022
200031
10023
10032
20013
20022
20031
1023
1032
2013
2022
2031
123
132
213
222
231
42
24
303
1000203
1000302
2000103
2000202
2000301
100203
100302
200103
200202
200301
10203
10302
20103
20202
20301
1203
1302
2103
2202
2301
402
312
321
204
3003
1002003
1003002
2001003
2002002
2003001
102003
103002
201003
202002
203001
12003
13002
21003
22002
23001
4002
3102
3201
3012
3021
2004
30003
1020003
1030002
2010003
2020002
2030001
120003
130002
210003
220002
230001
40002
31002
32001
30102
30201
30012
30021
20004
300003
1200003
1300002
2100003
2200002
2300001
400002
310002
320001
301002
302001
300102
300201
300012
300021
200004
3000003
4000002
3100002
3200001
3010002
3020001
3001002
3002001
3000102
3000201
3000012
3000021
2000004
114
1000014
1000104
1000113
2000112
100014
100104
100113
200112
10014
10104
10113
20112
1014
1104
1113
2112
330
1000230
1000320
2000130
2000220
2000310
100230
100320
200130
200220
200310
10230
10320
20130
20220
20310
1230
1320
2130
2220
2310
420
240
3030
1002030
1003020
2001030
2002020
2003010
102030
103020
201030
202020
203010
12030
13020
21030
22020
23010
4020
3120
3210
2040
30030
1020030
1030020
2010030
2020020
2030010
120030
130020
210030
220020
230010
40020
31020
32010
30120
30210
20040
300030
1200030
1300020
2100030
2200020
2300010
400020
310020
320010
301020
302010
300120
300210
200040
3000030
4000020
3100020
3200010
3010020
3020010
3001020
3002010
3000120
3000210
2000040
141
1000041
1000131
1000140
2000121
100041
100131
100140
200121
10041
10131
10140
20121
1041
1131
1140
2121
3300
1002300
1003200
2001300
2002200
2003100
102300
103200
201300
202200
203100
12300
13200
21300
22200
23100
4200
2400
30300
1020300
1030200
2010300
2020200
2030100
120300
130200
210300
220200
230100
40200
31200
32100
20400
300300
1200300
1300200
2100300
2200200
2300100
400200
310200
320100
301200
302100
200400
3000300
4000200
3100200
3200100
3010200
3020100
3001200
3002100
2000400
411
1000311
1000401
1000410
2000211
100311
100401
100410
200211
10311
10401
10410
20211
1311
1401
1410
2211
33000
1023000
1032000
2013000
2022000
2031000
123000
132000
213000
222000
231000
42000
24000
303000
1203000
1302000
2103000
2202000
2301000
402000
312000
321000
204000
3003000
4002000
3102000
3201000
3012000
3021000
2004000
3111
1002111
1003011
1003101
1003110
2001111
2002011
2002101
2002110
102111
103011
103101
103110
201111
202011
202101
202110
12111
13011
13101
13110
21111
22011
22101
22110
4011
4101
4110
330000
1230000
1320000
2130000
2220000
2310000
420000
240000
3030000
4020000
3120000
3210000
2040000
30111
1020111
1030011
1030101
1030110
2010111
2020011
2020101
2020110
120111
130011
130101
130110
210111
220011
220101
220110
40011
40101
40110
31011
31101
31110
3300000
4200000
2400000
300111
1200111
1300011
1300101
1300110
2100111
2200011
2200101
2200110
400011
400101
400110
310011
310101
310110
301011
301101
301110
3000111
4000011
4000101
4000110
3100011
3100101
3100110
3010011
3010101
3010110
3001011
3001101
3001110
1000122
1000212
1000221
100122
100212
100221
10122
10212
10221
1122
1212
1221
333
1000233
1000323
1000332
2000133
2000223
2000232
2000313
2000322
2000331
100233
100323
100332
200133
200223
200232
200313
200322
200331
10233
10323
10332
20133
20223
20232
20313
20322
20331
1233
1323
1332
2133
2223
2232
2313
2322
2331
423
432
243
342
234
324
3033
1002033
1003023
1003032
2001033
2002023
2002032
2003013
2003022
2003031
102033
103023
103032
201033
202023
202032
203013
203022
203031
12033
13023
13032
21033
22023
22032
23013
23022
23031
4023
4032
3123
3132
3213
3222
3231
2043
3042
2034
3024
30033
1020033
1030023
1030032
2010033
2020023
2020032
2030013
2030022
2030031
120033
130023
130032
210033
220023
220032
230013
230022
230031
40023
40032
31023
31032
32013
32022
32031
30123
30132
30213
30222
30231
20043
30042
20034
30024
300033
1200033
1300023
1300032
2100033
2200023
2200032
2300013
2300022
2300031
400023
400032
310023
310032
320013
320022
320031
301023
301032
302013
302022
302031
300123
300132
300213
300222
300231
200043
300042
200034
300024
3000033
4000023
4000032
3100023
3100032
3200013
3200022
3200031
3010023
3010032
3020013
3020022
3020031
3001023
3001032
3002013
3002022
3002031
3000123
3000132
3000213
3000222
3000231
2000043
3000042
2000034
3000024
144
1000044
1000134
1000143
2000124
2000142
100044
100134
100143
200124
200142
10044
10134
10143
20124
20142
1044
1134
1143
2124
2142
3303
1002303
1003203
1003302
2001303
2002203
2002302
2003103
2003202
2003301
102303
103203
103302
201303
202203
202302
203103
203202
203301
12303
13203
13302
21303
22203
22302
23103
23202
23301
4203
4302
2403
3402
3312
3321
2304
3204
30303
1020303
1030203
1030302
2010303
2020203
2020302
2030103
2030202
2030301
120303
130203
130302
210303
220203
220302
230103
230202
230301
40203
40302
31203
31302
32103
32202
32301
20403
30402
30312
30321
20304
30204
300303
1200303
1300203
1300302
2100303
2200203
2200302
2300103
2300202
2300301
400203
400302
310203
310302
320103
320202
320301
301203
301302
302103
302202
302301
200403
300402
300312
300321
200304
300204
3000303
4000203
4000302
3100203
3100302
3200103
3200202
3200301
3010203
3010302
3020103
3020202
3020301
3001203
3001302
3002103
3002202
3002301
2000403
3000402
3000312
3000321
2000304
3000204
414
1000314
1000404
1000413
2000214
2000412
100314
100404
100413
200214
200412
10314
10404
10413
20214
20412
1314
1404
1413
2214
2412
33003
1023003
1032003
1033002
2013003
2022003
2023002
2031003
2032002
2033001
123003
132003
133002
213003
222003
223002
231003
232002
233001
42003
43002
24003
34002
33102
33201
33012
33021
23004
32004
303003
1203003
1302003
1303002
2103003
2202003
2203002
2301003
2302002
2303001
402003
403002
312003
313002
321003
322002
323001
204003
304002
303102
303201
303012
303021
203004
302004
3003003
4002003
4003002
3102003
3103002
3201003
3202002
3203001
3012003
3013002
3021003
3022002
3023001
2004003
3004002
3003102
3003201
3003012
3003021
2003004
3002004
3114
1002114
1003014
1003104
1003113
2001114
2002014
2002104
2002113
2003112
102114
103014
103104
103113
201114
202014
202104
202113
203112
12114
13014
13104
13113
21114
22014
22104
22113
23112
4014
4104
4113
330003
1230003
1320003
1330002
2130003
2220003
2230002
2310003
2320002
2330001
420003
430002
240003
340002
331002
332001
330102
330201
330012
330021
230004
320004
3030003
4020003
4030002
3120003
3130002
3210003
3220002
3230001
2040003
3040002
3031002
3032001
3030102
3030201
3030012
3030021
2030004
3020004
30114
1020114
1030014
1030104
1030113
2010114
2020014
2020104
2020113
2030112
120114
130014
130104
130113
210114
220014
220104
220113
230112
40014
40104
40113
31014
31104
31113
32112
3300003
4200003
4300002
2400003
3400002
3310002
3320001
3301002
3302001
3300102
3300201
3300012
3300021
2300004
3200004
300114
1200114
1300014
1300104
1300113
2100114
2200014
2200104
2200113
2300112
400014
400104
400113
310014
310104
310113
320112
301014
301104
301113
302112
3000114
4000014
4000104
4000113
3100014
3100104
3100113
3200112
3010014
3010104
3010113
3020112
3001014
3001104
3001113
3002112
1000224
100224
10224
1224
3330
1002330
1003230
1003320
2001330
2002230
2002320
2003130
2003220
2003310
102330
103230
103320
201330
202230
202320
203130
203220
203310
12330
13230
13320
21330
22230
22320
23130
23220
23310
4230
4320
2430
3420
2340
3240
30330
1020330
1030230
1030320
2010330
2020230
2020320
2030130
2030220
2030310
120330
130230
130320
210330
220230
220320
230130
230220
230310
40230
40320
31230
31320
32130
32220
32310
20430
30420
20340
30240
300330
1200330
1300230
1300320
2100330
2200230
2200320
2300130
2300220
2300310
400230
400320
310230
310320
320130
320220
320310
301230
301320
302130
302220
302310
200430
300420
200340
300240
3000330
4000230
4000320
3100230
3100320
3200130
3200220
3200310
3010230
3010320
3020130
3020220
3020310
3001230
3001320
3002130
3002220
3002310
2000430
3000420
2000340
3000240
441
1000341
1000431
1000440
2000241
2000421
100341
100431
100440
200241
200421
10341
10431
10440
20241
20421
1341
1431
1440
2241
2421
33030
1023030
1032030
1033020
2013030
2022030
2023020
2031030
2032020
2033010
123030
132030
133020
213030
222030
223020
231030
232020
233010
42030
43020
24030
34020
33120
33210
23040
32040
303030
1203030
1302030
1303020
2103030
2202030
2203020
2301030
2302020
2303010
402030
403020
312030
313020
321030
322020
323010
204030
304020
303120
303210
203040
302040
3003030
4002030
4003020
3102030
3103020
3201030
3202020
3203010
3012030
3013020
3021030
3022020
3023010
2004030
3004020
3003120
3003210
2003040
3002040
3141
1002141
1003041
1003131
1003140
2001141
2002041
2002131
2002140
2003121
102141
103041
103131
103140
201141
202041
202131
202140
203121
12141
13041
13131
13140
21141
22041
22131
22140
23121
4041
4131
4140
330030
1230030
1320030
1330020
2130030
2220030
2230020
2310030
2320020
2330010
420030
430020
240030
340020
331020
332010
330120
330210
230040
320040
3030030
4020030
4030020
3120030
3130020
3210030
3220020
3230010
2040030
3040020
3031020
3032010
3030120
3030210
2030040
3020040
30141
1020141
1030041
1030131
1030140
2010141
2020041
2020131
2020140
2030121
120141
130041
130131
130140
210141
220041
220131
220140
230121
40041
40131
40140
31041
31131
31140
32121
3300030
4200030
4300020
2400030
3400020
3310020
3320010
3301020
3302010
3300120
3300210
2300040
3200040
300141
1200141
1300041
1300131
1300140
2100141
2200041
2200131
2200140
2300121
400041
400131
400140
310041
310131
310140
320121
301041
301131
301140
302121
3000141
4000041
4000131
4000140
3100041
3100131
3100140
3200121
3010041
3010131
3010140
3020121
3001041
3001131
3001140
3002121
1000242
100242
10242
1242
33300
1023300
1032300
1033200
2013300
2022300
2023200
2031300
2032200
2033100
123300
132300
133200
213300
222300
223200
231300
232200
233100
42300
43200
24300
34200
23400
32400
303300
1203300
1302300
1303200
2103300
2202300
2203200
2301300
2302200
2303100
402300
403200
312300
313200
321300
322200
323100
204300
304200
203400
302400
3003300
4002300
4003200
3102300
3103200
3201300
3202200
3203100
3012300
3013200
3021300
3022200
3023100
2004300
3004200
2003400
3002400
3411
1002411
1003311
1003401
1003410
2001411
2002311
2002401
2002410
2003211
102411
103311
103401
103410
201411
202311
202401
202410
203211
12411
13311
13401
13410
21411
22311
22401
22410
23211
4311
4401
4410
330300
1230300
1320300
1330200
2130300
2220300
2230200
2310300
2320200
2330100
420300
430200
240300
340200
331200
332100
230400
320400
3030300
4020300
4030200
3120300
3130200
3210300
3220200
3230100
2040300
3040200
3031200
3032100
2030400
3020400
30411
1020411
1030311
1030401
1030410
2010411
2020311
2020401
2020410
2030211
120411
130311
130401
130410
210411
220311
220401
220410
230211
40311
40401
40410
31311
31401
31410
32211
3300300
4200300
4300200
2400300
3400200
3310200
3320100
3301200
3302100
2300400
3200400
300411
1200411
1300311
1300401
1300410
2100411
2200311
2200401
2200410
2300211
400311
400401
400410
310311
310401
310410
320211
301311
301401
301410
302211
3000411
4000311
4000401
4000410
3100311
3100401
3100410
3200211
3010311
3010401
3010410
3020211
3001311
3001401
3001410
3002211
1000422
100422
10422
1422
333000
1233000
1323000
1332000
2133000
2223000
2232000
2313000
2322000
2331000
423000
432000
243000
342000
234000
324000
3033000
4023000
4032000
3123000
3132000
3213000
3222000
3231000
2043000
3042000
2034000
3024000
33111
1023111
1032111
1033011
1033101
1033110
2013111
2022111
2023011
2023101
2023110
2031111
2032011
2032101
2032110
123111
132111
133011
133101
133110
213111
222111
223011
223101
223110
231111
232011
232101
232110
42111
43011
43101
43110
24111
34011
34101
34110
3303000
4203000
4302000
2403000
3402000
3312000
3321000
2304000
3204000
303111
1203111
1302111
1303011
1303101
1303110
2103111
2202111
2203011
2203101
2203110
2301111
2302011
2302101
2302110
402111
403011
403101
403110
312111
313011
313101
313110
321111
322011
322101
322110
204111
304011
304101
304110
3003111
4002111
4003011
4003101
4003110
3102111
3103011
3103101
3103110
3201111
3202011
3202101
3202110
3012111
3013011
3013101
3013110
3021111
3022011
3022101
3022110
2004111
3004011
3004101
3004110
1002222
1003122
1003212
1003221
2001222
2002122
2002212
2002221
102222
103122
103212
103221
201222
202122
202212
202221
12222
13122
13212
13221
21222
22122
22212
22221
4122
4212
4221
3330000
4230000
4320000
2430000
3420000
2340000
3240000
330111
1230111
1320111
1330011
1330101
1330110
2130111
2220111
2230011
2230101
2230110
2310111
2320011
2320101
2320110
420111
430011
430101
430110
240111
340011
340101
340110
331011
331101
331110
3030111
4020111
4030011
4030101
4030110
3120111
3130011
3130101
3130110
3210111
3220011
3220101
3220110
2040111
3040011
3040101
3040110
3031011
3031101
3031110
1020222
1030122
1030212
1030221
2010222
2020122
2020212
2020221
120222
130122
130212
130221
210222
220122
220212
220221
40122
40212
40221
31122
31212
31221
3300111
4200111
4300011
4300101
4300110
2400111
3400011
3400101
3400110
3310011
3310101
3310110
3301011
3301101
3301110
1200222
1300122
1300212
1300221
2100222
2200122
2200212
2200221
400122
400212
400221
310122
310212
310221
301122
301212
301221
4000122
4000212
4000221
3100122
3100212
3100221
3010122
3010212
3010221
3001122
3001212
3001221
3333
1002333
1003233
1003323
1003332
2001333
2002233
2002323
2002332
2003133
2003223
2003232
2003313
2003322
2003331
102333
103233
103323
103332
201333
202233
202323
202332
203133
203223
203232
203313
203322
203331
12333
13233
13323
13332
21333
22233
22323
22332
23133
23223
23232
23313
23322
23331
4233
4323
4332
2433
3423
3432
2343
3243
3342
2334
3234
3324
30333
1020333
1030233
1030323
1030332
2010333
2020233
2020323
2020332
2030133
2030223
2030232
2030313
2030322
2030331
120333
130233
130323
130332
210333
220233
220323
220332
230133
230223
230232
230313
230322
230331
40233
40323
40332
31233
31323
31332
32133
32223
32232
32313
32322
32331
20433
30423
30432
20343
30243
30342
20334
30234
30324
300333
1200333
1300233
1300323
1300332
2100333
2200233
2200323
2200332
2300133
2300223
2300232
2300313
2300322
2300331
400233
400323
400332
310233
310323
310332
320133
320223
320232
320313
320322
320331
301233
301323
301332
302133
302223
302232
302313
302322
302331
200433
300423
300432
200343
300243
300342
200334
300234
300324
3000333
4000233
4000323
4000332
3100233
3100323
3100332
3200133
3200223
3200232
3200313
3200322
3200331
3010233
3010323
3010332
3020133
3020223
3020232
3020313
3020322
3020331
3001233
3001323
3001332
3002133
3002223
3002232
3002313
3002322
3002331
2000433
3000423
3000432
2000343
3000243
3000342
2000334
3000234
3000324
444
1000344
1000434
1000443
2000244
2000424
2000442
100344
100434
100443
200244
200424
200442
10344
10434
10443
20244
20424
20442
1344
1434
1443
2244
2424
2442
33033
1023033
1032033
1033023
1033032
2013033
2022033
2023023
2023032
2031033
2032023
2032032
2033013
2033022
2033031
123033
132033
133023
133032
213033
222033
223023
223032
231033
232023
232032
233013
233022
233031
42033
43023
43032
24033
34023
34032
33123
33132
33213
33222
33231
23043
32043
33042
23034
32034
33024
303033
1203033
1302033
1303023
1303032
2103033
2202033
2203023
2203032
2301033
2302023
2302032
2303013
2303022
2303031
402033
403023
403032
312033
313023
313032
321033
322023
322032
323013
323022
323031
204033
304023
304032
303123
303132
303213
303222
303231
203043
302043
303042
203034
302034
303024
3003033
4002033
4003023
4003032
3102033
3103023
3103032
3201033
3202023
3202032
3203013
3203022
3203031
3012033
3013023
3013032
3021033
3022023
3022032
3023013
3023022
3023031
2004033
3004023
3004032
3003123
3003132
3003213
3003222
3003231
2003043
3002043
3003042
2003034
3002034
3003024
3144
1002144
1003044
1003134
1003143
2001144
2002044
2002134
2002143
2003124
2003142
102144
103044
103134
103143
201144
202044
202134
202143
203124
203142
12144
13044
13134
13143
21144
22044
22134
22143
23124
23142
4044
4134
4143
330033
1230033
1320033
1330023
1330032
2130033
2220033
2230023
2230032
2310033
2320023
2320032
2330013
2330022
2330031
420033
430023
430032
240033
340023
340032
331023
331032
332013
332022
332031
330123
330132
330213
330222
330231
230043
320043
330042
230034
320034
330024
3030033
4020033
4030023
4030032
3120033
3130023
3130032
3210033
3220023
3220032
3230013
3230022
3230031
2040033
3040023
3040032
3031023
3031032
3032013
3032022
3032031
3030123
3030132
3030213
3030222
3030231
2030043
3020043
3030042
2030034
3020034
3030024
30144
1020144
1030044
1030134
1030143
2010144
2020044
2020134
2020143
2030124
2030142
120144
130044
130134
130143
210144
220044
220134
220143
230124
230142
40044
40134
40143
31044
31134
31143
32124
32142
3300033
4200033
4300023
4300032
2400033
3400023
3400032
3310023
3310032
3320013
3320022
3320031
3301023
3301032
3302013
3302022
3302031
3300123
3300132
3300213
3300222
3300231
2300043
3200043
3300042
2300034
3200034
3300024
300144
1200144
1300044
1300134
1300143
2100144
2200044
2200134
2200143
2300124
2300142
400044
400134
400143
310044
310134
310143
320124
320142
301044
301134
301143
302124
302142
3000144
4000044
4000134
4000143
3100044
3100134
3100143
3200124
3200142
3010044
3010134
3010143
3020124
3020142
3001044
3001134
3001143
3002124
3002142
33303
1023303
1032303
1033203
1033302
2013303
2022303
2023203
2023302
2031303
2032203
2032302
2033103
2033202
2033301
123303
132303
133203
133302
213303
222303
223203
223302
231303
232203
232302
233103
233202
233301
42303
43203
43302
24303
34203
34302
23403
32403
33402
33312
33321
23304
32304
33204
303303
1203303
1302303
1303203
1303302
2103303
2202303
2203203
2203302
2301303
2302203
2302302
2303103
2303202
2303301
402303
403203
403302
312303
313203
313302
321303
322203
322302
323103
323202
323301
204303
304203
304302
203403
302403
303402
303312
303321
203304
302304
303204
3003303
4002303
4003203
4003302
3102303
3103203
3103302
3201303
3202203
3202302
3203103
3203202
3203301
3012303
3013203
3013302
3021303
3022203
3022302
3023103
3023202
3023301
2004303
3004203
3004302
2003403
3002403
3003402
3003312
3003321
2003304
3002304
3003204
3414
1002414
1003314
1003404
1003413
2001414
2002314
2002404
2002413
2003214
2003412
102414
103314
103404
103413
201414
202314
202404
202413
203214
203412
12414
13314
13404
13413
21414
22314
22404
22413
23214
23412
4314
4404
4413
330303
1230303
1320303
1330203
1330302
2130303
2220303
2230203
2230302
2310303
2320203
2320302
2330103
2330202
2330301
420303
430203
430302
240303
340203
340302
331203
331302
332103
332202
332301
230403
320403
330402
330312
330321
230304
320304
330204
3030303
4020303
4030203
4030302
3120303
3130203
3130302
3210303
3220203
3220302
3230103
3230202
3230301
2040303
3040203
3040302
3031203
3031302
3032103
3032202
3032301
2030403
3020403
3030402
3030312
3030321
2030304
3020304
3030204
30414
1020414
1030314
1030404
1030413
2010414
2020314
2020404
2020413
2030214
2030412
120414
130314
130404
130413
210414
220314
220404
220413
230214
230412
40314
40404
40413
31314
31404
31413
32214
32412
3300303
4200303
4300203
4300302
2400303
3400203
3400302
3310203
3310302
3320103
3320202
3320301
3301203
3301302
3302103
3302202
3302301
2300403
3200403
3300402
3300312
3300321
2300304
3200304
3300204
300414
1200414
1300314
1300404
1300413
2100414
2200314
2200404
2200413
2300214
2300412
400314
400404
400413
310314
310404
310413
320214
320412
301314
301404
301413
302214
302412
3000414
4000314
4000404
4000413
3100314
3100404
3100413
3200214
3200412
3010314
3010404
3010413
3020214
3020412
3001314
3001404
3001413
3002214
3002412
333003
1233003
1323003
1332003
1333002
2133003
2223003
2232003
2233002
2313003
2322003
2323002
2331003
2332002
2333001
423003
432003
433002
243003
342003
343002
234003
324003
334002
333102
333201
333012
333021
233004
323004
332004
3033003
4023003
4032003
4033002
3123003
3132003
3133002
3213003
3222003
3223002
3231003
3232002
3233001
2043003
3042003
3043002
2034003
3024003
3034002
3033102
3033201
3033012
3033021
2033004
3023004
3032004
33114
1023114
1032114
1033014
1033104
1033113
2013114
2022114
2023014
2023104
2023113
2031114
2032014
2032104
2032113
2033112
123114
132114
133014
133104
133113
213114
222114
223014
223104
223113
231114
232014
232104
232113
233112
42114
43014
43104
43113
24114
34014
34104
34113
3303003
4203003
4302003
4303002
2403003
3402003
3403002
3312003
3313002
3321003
3322002
3323001
2304003
3204003
3304002
3303102
3303201
3303012
3303021
2303004
3203004
3302004
303114
1203114
1302114
1303014
1303104
1303113
2103114
2202114
2203014
2203104
2203113
2301114
2302014
2302104
2302113
2303112
402114
403014
403104
403113
312114
313014
313104
313113
321114
322014
322104
322113
323112
204114
304014
304104
304113
3003114
4002114
4003014
4003104
4003113
3102114
3103014
3103104
3103113
3201114
3202014
3202104
3202113
3203112
3012114
3013014
3013104
3013113
3021114
3022014
3022104
3022113
3023112
2004114
3004014
3004104
3004113
1003224
2002224
103224
202224
13224
22224
4224
3330003
4230003
4320003
4330002
2430003
3420003
3430002
2340003
3240003
3340002
3331002
3332001
3330102
3330201
3330012
3330021
2330004
3230004
3320004
330114
1230114
1320114
1330014
1330104
1330113
2130114
2220114
2230014
2230104
2230113
2310114
2320014
2320104
2320113
2330112
420114
430014
430104
430113
240114
340014
340104
340113
331014
331104
331113
332112
3030114
4020114
4030014
4030104
4030113
3120114
3130014
3130104
3130113
3210114
3220014
3220104
3220113
3230112
2040114
3040014
3040104
3040113
3031014
3031104
3031113
3032112
1030224
2020224
130224
220224
40224
31224
3300114
4200114
4300014
4300104
4300113
2400114
3400014
3400104
3400113
3310014
3310104
3310113
3320112
3301014
3301104
3301113
3302112
1300224
2200224
400224
310224
301224
4000224
3100224
3010224
3001224
33330
1023330
1032330
1033230
1033320
2013330
2022330
2023230
2023320
2031330
2032230
2032320
2033130
2033220
2033310
123330
132330
133230
133320
213330
222330
223230
223320
231330
232230
232320
233130
233220
233310
42330
43230
43320
24330
34230
34320
23430
32430
33420
23340
32340
33240
303330
1203330
1302330
1303230
1303320
2103330
2202330
2203230
2203320
2301330
2302230
2302320
2303130
2303220
2303310
402330
403230
403320
312330
313230
313320
321330
322230
322320
323130
323220
323310
204330
304230
304320
203430
302430
303420
203340
302340
303240
3003330
4002330
4003230
4003320
3102330
3103230
3103320
3201330
3202230
3202320
3203130
3203220
3203310
3012330
3013230
3013320
3021330
3022230
3022320
3023130
3023220
3023310
2004330
3004230
3004320
2003430
3002430
3003420
2003340
3002340
3003240
3441
1002441
1003341
1003431
1003440
2001441
2002341
2002431
2002440
2003241
2003421
102441
103341
103431
103440
201441
202341
202431
202440
203241
203421
12441
13341
13431
13440
21441
22341
22431
22440
23241
23421
4341
4431
4440
330330
1230330
1320330
1330230
1330320
2130330
2220330
2230230
2230320
2310330
2320230
2320320
2330130
2330220
2330310
420330
430230
430320
240330
340230
340320
331230
331320
332130
332220
332310
230430
320430
330420
230340
320340
330240
3030330
4020330
4030230
4030320
3120330
3130230
3130320
3210330
3220230
3220320
3230130
3230220
3230310
2040330
3040230
3040320
3031230
3031320
3032130
3032220
3032310
2030430
3020430
3030420
2030340
3020340
3030240
30441
1020441
1030341
1030431
1030440
2010441
2020341
2020431
2020440
2030241
2030421
120441
130341
130431
130440
210441
220341
220431
220440
230241
230421
40341
40431
40440
31341
31431
31440
32241
32421
3300330
4200330
4300230
4300320
2400330
3400230
3400320
3310230
3310320
3320130
3320220
3320310
3301230
3301320
3302130
3302220
3302310
2300430
3200430
3300420
2300340
3200340
3300240
300441
1200441
1300341
1300431
1300440
2100441
2200341
2200431
2200440
2300241
2300421
400341
400431
400440
310341
310431
310440
320241
320421
301341
301431
301440
302241
302421
3000441
4000341
4000431
4000440
3100341
3100431
3100440
3200241
3200421
3010341
3010431
3010440
3020241
3020421
3001341
3001431
3001440
3002241
3002421
333030
1233030
1323030
1332030
1333020
2133030
2223030
2232030
2233020
2313030
2322030
2323020
2331030
2332020
2333010
423030
432030
433020
243030
342030
343020
234030
324030
334020
333120
333210
233040
323040
332040
3033030
4023030
4032030
4033020
3123030
3132030
3133020
3213030
3222030
3223020
3231030
3232020
3233010
2043030
3042030
3043020
2034030
3024030
3034020
3033120
3033210
2033040
3023040
3032040
33141
1023141
1032141
1033041
1033131
1033140
2013141
2022141
2023041
2023131
2023140
2031141
2032041
2032131
2032140
2033121
123141
132141
133041
133131
133140
213141
222141
223041
223131
223140
231141
232041
232131
232140
233121
42141
43041
43131
43140
24141
34041
34131
34140
3303030
4203030
4302030
4303020
2403030
3402030
3403020
3312030
3313020
3321030
3322020
3323010
2304030
3204030
3304020
3303120
3303210
2303040
3203040
3302040
303141
1203141
1302141
1303041
1303131
1303140
2103141
2202141
2203041
2203131
2203140
2301141
2302041
2302131
2302140
2303121
402141
403041
403131
403140
312141
313041
313131
313140
321141
322041
322131
322140
323121
204141
304041
304131
304140
3003141
4002141
4003041
4003131
4003140
3102141
3103041
3103131
3103140
3201141
3202041
3202131
3202140
3203121
3012141
3013041
3013131
3013140
3021141
3022041
3022131
3022140
3023121
2004141
3004041
3004131
3004140
1003242
2002242
103242
202242
13242
22242
4242
3330030
4230030
4320030
4330020
2430030
3420030
3430020
2340030
3240030
3340020
3331020
3332010
3330120
3330210
2330040
3230040
3320040
330141
1230141
1320141
1330041
1330131
1330140
2130141
2220141
2230041
2230131
2230140
2310141
2320041
2320131
2320140
2330121
420141
430041
430131
430140
240141
340041
340131
340140
331041
331131
331140
332121
3030141
4020141
4030041
4030131
4030140
3120141
3130041
3130131
3130140
3210141
3220041
3220131
3220140
3230121
2040141
3040041
3040131
3040140
3031041
3031131
3031140
3032121
1030242
2020242
130242
220242
40242
31242
3300141
4200141
4300041
4300131
4300140
2400141
3400041
3400131
3400140
3310041
3310131
3310140
3320121
3301041
3301131
3301140
3302121
1300242
2200242
400242
310242
301242
4000242
3100242
3010242
3001242
333300
1233300
1323300
1332300
1333200
2133300
2223300
2232300
2233200
2313300
2322300
2323200
2331300
2332200
2333100
423300
432300
433200
243300
342300
343200
234300
324300
334200
233400
323400
332400
3033300
4023300
4032300
4033200
3123300
3132300
3133200
3213300
3222300
3223200
3231300
3232200
3233100
2043300
3042300
3043200
2034300
3024300
3034200
2033400
3023400
3032400
33411
1023411
1032411
1033311
1033401
1033410
2013411
2022411
2023311
2023401
2023410
2031411
2032311
2032401
2032410
2033211
123411
132411
133311
133401
133410
213411
222411
223311
223401
223410
231411
232311
232401
232410
233211
42411
43311
43401
43410
24411
34311
34401
34410
3303300
4203300
4302300
4303200
2403300
3402300
3403200
3312300
3313200
3321300
3322200
3323100
2304300
3204300
3304200
2303400
3203400
3302400
303411
1203411
1302411
1303311
1303401
1303410
2103411
2202411
2203311
2203401
2203410
2301411
2302311
2302401
2302410
2303211
402411
403311
403401
403410
312411
313311
313401
313410
321411
322311
322401
322410
323211
204411
304311
304401
304410
3003411
4002411
4003311
4003401
4003410
3102411
3103311
3103401
3103410
3201411
3202311
3202401
3202410
3203211
3012411
3013311
3013401
3013410
3021411
3022311
3022401
3022410
3023211
2004411
3004311
3004401
3004410
1003422
2002422
103422
202422
13422
22422
4422
3330300
4230300
4320300
4330200
2430300
3420300
3430200
2340300
3240300
3340200
3331200
3332100
2330400
3230400
3320400
330411
1230411
1320411
1330311
1330401
1330410
2130411
2220411
2230311
2230401
2230410
2310411
2320311
2320401
2320410
2330211
420411
430311
430401
430410
240411
340311
340401
340410
331311
331401
331410
332211
3030411
4020411
4030311
4030401
4030410
3120411
3130311
3130401
3130410
3210411
3220311
3220401
3220410
3230211
2040411
3040311
3040401
3040410
3031311
3031401
3031410
3032211
1030422
2020422
130422
220422
40422
31422
3300411
4200411
4300311
4300401
4300410
2400411
3400311
3400401
3400410
3310311
3310401
3310410
3320211
3301311
3301401
3301410
3302211
1300422
2200422
400422
310422
301422
4000422
3100422
3010422
3001422
3333000
4233000
4323000
4332000
2433000
3423000
3432000
2343000
3243000
3342000
2334000
3234000
3324000
333111
1233111
1323111
1332111
1333011
1333101
1333110
2133111
2223111
2232111
2233011
2233101
2233110
2313111
2322111
2323011
2323101
2323110
2331111
2332011
2332101
2332110
423111
432111
433011
433101
433110
243111
342111
343011
343101
343110
234111
324111
334011
334101
334110
3033111
4023111
4032111
4033011
4033101
4033110
3123111
3132111
3133011
3133101
3133110
3213111
3222111
3223011
3223101
3223110
3231111
3232011
3232101
3232110
2043111
3042111
3043011
3043101
3043110
2034111
3024111
3034011
3034101
3034110
1023222
1032222
1033122
1033212
1033221
2013222
2022222
2023122
2023212
2023221
2031222
2032122
2032212
2032221
123222
132222
133122
133212
133221
213222
222222
223122
223212
223221
231222
232122
232212
232221
42222
43122
43212
43221
24222
34122
34212
34221
3303111
4203111
4302111
4303011
4303101
4303110
2403111
3402111
3403011
3403101
3403110
3312111
3313011
3313101
3313110
3321111
3322011
3322101
3322110
2304111
3204111
3304011
3304101
3304110
1203222
1302222
1303122
1303212
1303221
2103222
2202222
2203122
2203212
2203221
2301222
2302122
2302212
2302221
402222
403122
403212
403221
312222
313122
313212
313221
321222
322122
322212
322221
204222
304122
304212
304221
4002222
4003122
4003212
4003221
3102222
3103122
3103212
3103221
3201222
3202122
3202212
3202221
3012222
3013122
3013212
3013221
3021222
3022122
3022212
3022221
2004222
3004122
3004212
3004221
3330111
4230111
4320111
4330011
4330101
4330110
2430111
3420111
3430011
3430101
3430110
2340111
3240111
3340011
3340101
3340110
3331011
3331101
3331110
1230222
1320222
1330122
1330212
1330221
2130222
2220222
2230122
2230212
2230221
2310222
2320122
2320212
2320221
420222
430122
430212
430221
240222
340122
340212
340221
331122
331212
331221
4020222
4030122
4030212
4030221
3120222
3130122
3130212
3130221
3210222
3220122
3220212
3220221
2040222
3040122
3040212
3040221
3031122
3031212
3031221
4200222
4300122
4300212
4300221
2400222
3400122
3400212
3400221
3310122
3310212
3310221
3301122
3301212
3301221