2
11
20
101
200
1001
2000
10001
20000
100001
200000
1000001
2000000
110
1010
10010
100010
1000010
1100
10100
100100
1000100
11000
101000
1001000
110000
1010000
1100000
23
32
113
122
131
203
212
221
230
302
311
320
1013
1022
1031
2003
2012
2021
2030
3002
3011
3020
10013
10022
10031
20003
20012
20021
20030
30002
30011
30020
100013
100022
100031
200003
200012
200021
200030
300002
300011
300020
1000013
1000022
1000031
2000003
2000012
2000021
2000030
3000002
3000011
3000020
14
41
104
140
1103
1202
1301
2102
2201
2300
3101
3200
10103
10202
10301
20102
20201
20300
30101
30200
100103
100202
100301
200102
200201
200300
300101
300200
1000103
1000202
1000301
2000102
2000201
2000300
3000101
3000200
401
410
11003
12002
13001
21002
22001
23000
31001
32000
101003
102002
103001
201002
202001
203000
301001
302000
1001003
1002002
1003001
2001002
2002001
2003000
3001001
3002000
1004
4001
1112
2111
3110
110003
120002
130001
210002
220001
230000
310001
320000
1010003
1020002
1030001
2010002
2020001
2030000
3010001
3020000
10004
40001
10112
20111
30110
1100003
1200002
1300001
2100002
2200001
2300000
3100001
3200000
100004
400001
100112
200111
300110
1000004
4000001
1000112
2000111
3000110
1130
1220
1310
2120
2210
10130
10220
10310
20120
20210
100130
100220
100310
200120
200210
1000130
1000220
1000310
2000120
2000210
11030
12020
13010
21020
22010
31010
101030
102020
103010
201020
202010
301010
1001030
1002020
1003010
2001020
2002010
3001010
1040
4010
1121
110030
120020
130010
210020
220010
310010
1010030
1020020
1030010
2010020
2020010
3010010
10040
40010
10121
1100030
1200020
1300010
2100020
2200010
3100010
100040
400010
100121
1000040
4000010
1000121
11300
12200
13100
21200
22100
31100
101300
102200
103100
201200
202100
301100
1001300
1002200
1003100
2001200
2002100
3001100
1400
4100
1211
110300
120200
130100
210200
220100
310100
1010300
1020200
1030100
2010200
2020100
3010100
10400
40100
10211
1100300
1200200
1300100
2100200
2200100
3100100
100400
400100
100211
1000400
4000100
1000211
113000
122000
131000
212000
221000
311000
1013000
1022000
1031000
2012000
2021000
3011000
14000
41000
11111
12011
12101
12110
21011
21101
21110
1103000
1202000
1301000
2102000
2201000
3101000
104000
401000
101111
102011
102101
102110
201011
201101
201110
1004000
4001000
1001111
1002011
1002101
1002110
2001011
2001101
2001110
1130000
1220000
1310000
2120000
2210000
3110000
140000
410000
110111
120011
120101
120110
210011
210101
210110
1040000
4010000
1010111
1020011
1020101
1020110
2010011
2010101
2010110
1400000
4100000
1100111
1200011
1200101
1200110
2100011
2100101
2100110
233
323
332
1133
1223
1232
1313
1322
1331
2033
2123
2132
2213
2222
2231
2303
2312
2321
2330
3023
3032
3113
3122
3131
3203
3212
3221
3230
3302
3311
3320
10133
10223
10232
10313
10322
10331
20033
20123
20132
20213
20222
20231
20303
20312
20321
20330
30023
30032
30113
30122
30131
30203
30212
30221
30230
30302
30311
30320
100133
100223
100232
100313
100322
100331
200033
200123
200132
200213
200222
200231
200303
200312
200321
200330
300023
300032
300113
300122
300131
300203
300212
300221
300230
300302
300311
300320
1000133
1000223
1000232
1000313
1000322
1000331
2000033
2000123
2000132
2000213
2000222
2000231
2000303
2000312
2000321
2000330
3000023
3000032
3000113
3000122
3000131
3000203
3000212
3000221
3000230
3000302
3000311
3000320
134
224
314
143
242
341
413
422
431
44
404
440
11033
12023
12032
13013
13022
13031
21023
21032
22013
22022
22031
23003
23012
23021
23030
31013
31022
31031
32003
32012
32021
32030
33002
33011
33020
101033
102023
102032
103013
103022
103031
201023
201032
202013
202022
202031
203003
203012
203021
203030
301013
301022
301031
302003
302012
302021
302030
303002
303011
303020
1001033
1002023
1002032
1003013
1003022
1003031
2001023
2001032
2002013
2002022
2002031
2003003
2003012
2003021
2003030
3001013
3001022
3001031
3002003
3002012
3002021
3002030
3003002
3003011
3003020
1034
2024
3014
1043
2042
3041
4013
4022
4031
1124
1142
2114
2141
3104
3140
110033
120023
120032
130013
130022
130031
210023
210032
220013
220022
220031
230003
230012
230021
230030
310013
310022
310031
320003
320012
320021
320030
330002
330011
330020
1010033
1020023
1020032
1030013
1030022
1030031
2010023
2010032
2020013
2020022
2020031
2030003
2030012
2030021
2030030
3010013
3010022
3010031
3020003
3020012
3020021
3020030
3030002
3030011
3030020
10034
20024
30014
10043
20042
30041
40013
40022
40031
10124
10142
20114
20141
30104
30140
1100033
1200023
1200032
1300013
1300022
1300031
2100023
2100032
2200013
2200022
2200031
2300003
2300012
2300021
2300030
3100013
3100022
3100031
3200003
3200012
3200021
3200030
3300002
3300011
3300020
100034
200024
300014
100043
200042
300041
400013
400022
400031
100124
100142
200114
200141
300104
300140
1000034
2000024
3000014
1000043
2000042
3000041
4000013
4000022
4000031
1000124
1000142
2000114
2000141
3000104
3000140
11303
12203
12302
13103
13202
13301
21203
21302
22103
22202
22301
23102
23201
23300
31103
31202
31301
32102
32201
32300
33101
33200
101303
102203
102302
103103
103202
103301
201203
201302
202103
202202
202301
203102
203201
203300
301103
301202
301301
302102
302201
302300
303101
303200
1001303
1002203
1002302
1003103
1003202
1003301
2001203
2001302
2002103
2002202
2002301
2003102
2003201
2003300
3001103
3001202
3001301
3002102
3002201
3002300
3003101
3003200
1304
2204
1403
2402
3401
4103
4202
4301
1214
1412
2411
3410
110303
120203
120302
130103
130202
130301
210203
210302
220103
220202
220301
230102
230201
230300
310103
310202
310301
320102
320201
320300
330101
330200
1010303
1020203
1020302
1030103
1030202
1030301
2010203
2010302
2020103
2020202
2020301
2030102
2030201
2030300
3010103
3010202
3010301
3020102
3020201
3020300
3030101
3030200
10304
20204
10403
20402
30401
40103
40202
40301
10214
10412
20411
30410
1100303
1200203
1200302
1300103
1300202
1300301
2100203
2100302
2200103
2200202
2200301
2300102
2300201
2300300
3100103
3100202
3100301
3200102
3200201
3200300
3300101
3300200
100304
200204
100403
200402
300401
400103
400202
400301
100214
100412
200411
300410
1000304
2000204
1000403
2000402
3000401
4000103
4000202
4000301
1000214
1000412
2000411
3000410
113003
122003
123002
131003
132002
133001
212003
213002
221003
222002
223001
231002
232001
233000
311003
312002
313001
321002
322001
323000
331001
332000
1013003
1022003
1023002
1031003
1032002
1033001
2012003
2013002
2021003
2022002
2023001
2031002
2032001
2033000
3011003
3012002
3013001
3021002
3022001
3023000
3031001
3032000
13004
22004
31004
14003
24002
34001
41003
42002
43001
11114
12014
12104
12113
13112
21014
21104
21113
22112
23111
31112
32111
33110
1103003
1202003
1203002
1301003
1302002
1303001
2102003
2103002
2201003
2202002
2203001
2301002
2302001
2303000
3101003
3102002
3103001
3201002
3202001
3203000
3301001
3302000
103004
202004
301004
104003
204002
304001
401003
402002
403001
101114
102014
102104
102113
103112
201014
201104
201113
202112
203111
301112
302111
303110
1003004
2002004
3001004
1004003
2004002
3004001
4001003
4002002
4003001
1001114
1002014
1002104
1002113
1003112
2001014
2001104
2001113
2002112
2003111
3001112
3002111
3003110
4004
4112
1130003
1220003
1230002
1310003
1320002
1330001
2120003
2130002
2210003
2220002
2230001
2310002
2320001
2330000
3110003
3120002
3130001
3210002
3220001
3230000
3310001
3320000
130004
220004
310004
140003
240002
340001
410003
420002
430001
110114
120014
120104
120113
130112
210014
210104
210113
220112
230111
310112
320111
330110
1030004
2020004
3010004
1040003
2040002
3040001
4010003
4020002
4030001
1010114
1020014
1020104
1020113
1030112
2010014
2010104
2010113
2020112
2030111
3010112
3020111
3030110
40004
40112
1300004
2200004
3100004
1400003
2400002
3400001
4100003
4200002
4300001
1100114
1200014
1200104
1200113
1300112
2100014
2100104
2100113
2200112
2300111
3100112
3200111
3300110
400004
400112
4000004
4000112
11330
12230
12320
13130
13220
13310
21230
21320
22130
22220
22310
23120
23210
31130
31220
31310
32120
32210
101330
102230
102320
103130
103220
103310
201230
201320
202130
202220
202310
203120
203210
301130
301220
301310
302120
302210
1001330
1002230
1002320
1003130
1003220
1003310
2001230
2001320
2002130
2002220
2002310
2003120
2003210
3001130
3001220
3001310
3002120
3002210
1340
2240
1430
2420
4130
4220
4310
1241
1421
110330
120230
120320
130130
130220
130310
210230
210320
220130
220220
220310
230120
230210
310130
310220
310310
320120
320210
1010330
1020230
1020320
1030130
1030220
1030310
2010230
2010320
2020130
2020220
2020310
2030120
2030210
3010130
3010220
3010310
3020120
3020210
10340
20240
10430
20420
40130
40220
40310
10241
10421
1100330
1200230
1200320
1300130
1300220
1300310
2100230
2100320
2200130
2200220
2200310
2300120
2300210
3100130
3100220
3100310
3200120
3200210
100340
200240
100430
200420
400130
400220
400310
100241
100421
1000340
2000240
1000430
2000420
4000130
4000220
4000310
1000241
1000421
113030
122030
123020
131030
132020
133010
212030
213020
221030
222020
223010
231020
232010
311030
312020
313010
321020
322010
331010
1013030
1022030
1023020
1031030
1032020
1033010
2012030
2013020
2021030
2022020
2023010
2031020
2032010
3011030
3012020
3013010
3021020
3022010
3031010
13040
22040
31040
14030
24020
34010
41030
42020
43010
11141
12041
12131
12140
13121
21041
21131
21140
22121
31121
1103030
1202030
1203020
1301030
1302020
1303010
2102030
2103020
2201030
2202020
2203010
2301020
2302010
3101030
3102020
3103010
3201020
3202010
3301010
103040
202040
301040
104030
204020
304010
401030
402020
403010
101141
102041
102131
102140
103121
201041
201131
201140
202121
301121
1003040
2002040
3001040
1004030
2004020
3004010
4001030
4002020
4003010
1001141
1002041
1002131
1002140
1003121
2001041
2001131
2001140
2002121
3001121
4040
4121
1130030
1220030
1230020
1310030
1320020
1330010
2120030
2130020
2210030
2220020
2230010
2310020
2320010
3110030
3120020
3130010
3210020
3220010
3310010
130040
220040
310040
140030
240020
340010
410030
420020
430010
110141
120041
120131
120140
130121
210041
210131
210140
220121
310121
1030040
2020040
3010040
1040030
2040020
3040010
4010030
4020020
4030010
1010141
1020041
1020131
1020140
1030121
2010041
2010131
2010140
2020121
3010121
40040
40121
1300040
2200040
3100040
1400030
2400020
3400010
4100030
4200020
4300010
1100141
1200041
1200131
1200140
1300121
2100041
2100131
2100140
2200121
3100121
400040
400121
4000040
4000121
113300
122300
123200
131300
132200
133100
212300
213200
221300
222200
223100
231200
232100
311300
312200
313100
321200
322100
331100
1013300
1022300
1023200
1031300
1032200
1033100
2012300
2013200
2021300
2022200
2023100
2031200
2032100
3011300
3012200
3013100
3021200
3022100
3031100
13400
22400
31400
14300
24200
34100
41300
42200
43100
11411
12311
12401
12410
13211
21311
21401
21410
22211
31211
1103300
1202300
1203200
1301300
1302200
1303100
2102300
2103200
2201300
2202200
2203100
2301200
2302100
3101300
3102200
3103100
3201200
3202100
3301100
103400
202400
301400
104300
204200
304100
401300
402200
403100
101411
102311
102401
102410
103211
201311
201401
201410
202211
301211
1003400
2002400
3001400
1004300
2004200
3004100
4001300
4002200
4003100
1001411
1002311
1002401
1002410
1003211
2001311
2001401
2001410
2002211
3001211
4400
4211
1130300
1220300
1230200
1310300
1320200
1330100
2120300
2130200
2210300
2220200
2230100
2310200
2320100
3110300
3120200
3130100
3210200
3220100
3310100
130400
220400
310400
140300
240200
340100
410300
420200
430100
110411
120311
120401
120410
130211
210311
210401
210410
220211
310211
1030400
2020400
3010400
1040300
2040200
3040100
4010300
4020200
4030100
1010411
1020311
1020401
1020410
1030211
2010311
2010401
2010410
2020211
3010211
40400
40211
1300400
2200400
3100400
1400300
2400200
3400100
4100300
4200200
4300100
1100411
1200311
1200401
1200410
1300211
2100311
2100401
2100410
2200211
3100211
400400
400211
4000400
4000211
1133000
1223000
1232000
1313000
1322000
1331000
2123000
2132000
2213000
2222000
2231000
2312000
2321000
3113000
3122000
3131000
3212000
3221000
3311000
134000
224000
314000
143000
242000
341000
413000
422000
431000
113111
122111
123011
123101
123110
131111
132011
132101
132110
212111
213011
213101
213110
221111
222011
222101
222110
231011
231101
231110
311111
312011
312101
312110
321011
321101
321110
1034000
2024000
3014000
1043000
2042000
3041000
4013000
4022000
4031000
1013111
1022111
1023011
1023101
1023110
1031111
1032011
1032101
1032110
2012111
2013011
2013101
2013110
2021111
2022011
2022101
2022110
2031011
2031101
2031110
3011111
3012011
3012101
3012110
3021011
3021101
3021110
44000
14111
24011
24101
24110
41111
42011
42101
42110
11222
12122
12212
12221
21122
21212
21221
1304000
2204000
3104000
1403000
2402000
3401000
4103000
4202000
4301000
1103111
1202111
1203011
1203101
1203110
1301111
1302011
1302101
1302110
2102111
2103011
2103101
2103110
2201111
2202011
2202101
2202110
2301011
2301101
2301110
3101111
3102011
3102101
3102110
3201011
3201101
3201110
404000
104111
204011
204101
204110
401111
402011
402101
402110
101222
102122
102212
102221
201122
201212
201221
4004000
1004111
2004011
2004101
2004110
4001111
4002011
4002101
4002110
1001222
1002122
1002212
1002221
2001122
2001212
2001221
1340000
2240000
3140000
1430000
2420000
3410000
4130000
4220000
4310000
1130111
1220111
1230011
1230101
1230110
1310111
1320011
1320101
1320110
2120111
2130011
2130101
2130110
2210111
2220011
2220101
2220110
2310011
2310101
2310110
3110111
3120011
3120101
3120110
3210011
3210101
3210110
440000
140111
240011
240101
240110
410111
420011
420101
420110
110222
120122
120212
120221
210122
210212
210221
4040000
1040111
2040011
2040101
2040110
4010111
4020011
4020101
4020110
1010222
1020122
1020212
1020221
2010122
2010212
2010221
4400000
1400111
2400011
2400101
2400110
4100111
4200011
4200101
4200110
1100222
1200122
1200212
1200221
2100122
2100212
2100221