2000003
200003
20003
2003
203
23
2000030
200030
20030
2030
230
32
2000300
200300
20300
2300
320
302
2003000
203000
23000
3200
3020
3002
2030000
230000
32000
30200
30020
30002
2300000
320000
302000
300200
300020
300002
3200000
3020000
3002000
3000200
3000020
3000002
2000111
200111
20111
2111
311
131
113
2000033
200033
20033
2033
233
2000303
200303
20303
2303
323
2003003
203003
23003
3203
3023
2030003
230003
32003
30203
30023
2300003
320003
302003
300203
300023
3200003
3020003
3002003
3000203
3000023
2000114
200114
20114
2114
314
134
2000330
200330
20330
2330
332
2003030
203030
23030
3230
3032
2030030
230030
32030
30230
30032
2300030
320030
302030
300230
300032
3200030
3020030
3002030
3000230
3000032
2000141
200141
20141
2141
341
143
2003300
203300
23300
3320
3302
2030300
230300
32300
30320
30302
2300300
320300
302300
300320
300302
3200300
3020300
3002300
3000320
3000302
2000411
200411
20411
2411
431
413
2033000
233000
33200
33020
33002
2303000
323000
303200
303020
303002
3203000
3023000
3003200
3003020
3003002
2003111
203111
23111
3311
3131
3113
2330000
332000
330200
330020
330002
3230000
3032000
3030200
3030020
3030002
2030111
230111
32111
30311
30131
30113
3320000
3302000
3300200
3300020
3300002
2300111
320111
302111
300311
300131
300113
3200111
3020111
3002111
3000311
3000131
3000113
2000222
200222
20222
2222
422
242
224
2000333
200333
20333
2333
2003033
203033
23033
3233
2030033
230033
32033
30233
2300033
320033
302033
300233
3200033
3020033
3002033
3000233
2000144
200144
20144
2144
344
2003303
203303
23303
3323
2030303
230303
32303
30323
2300303
320303
302303
300323
3200303
3020303
3002303
3000323
2000414
200414
20414
2414
434
2033003
233003
33203
33023
2303003
323003
303203
303023
3203003
3023003
3003203
3003023
2003114
203114
23114
3314
3134
2330003
332003
330203
330023
3230003
3032003
3030203
3030023
2030114
230114
32114
30314
30134
3320003
3302003
3300203
3300023
2300114
320114
302114
300314
300134
3200114
3020114
3002114
3000314
3000134
2003330
203330
23330
3332
2030330
230330
32330
30332
2300330
320330
302330
300332
3200330
3020330
3002330
3000332
2000441
200441
20441
2441
443
2033030
233030
33230
33032
2303030
323030
303230
303032
3203030
3023030
3003230
3003032
2003141
203141
23141
3341
3143
2330030
332030
330230
330032
3230030
3032030
3030230
3030032
2030141
230141
32141
30341
30143
3320030
3302030
3300230
3300032
2300141
320141
302141
300341
300143
3200141
3020141
3002141
3000341
3000143
2033300
233300
33320
33302
2303300
323300
303320
303302
3203300
3023300
3003320
3003302
2003411
203411
23411
3431
3413
2330300
332300
330320
330302
3230300
3032300
3030320
3030302
2030411
230411
32411
30431
30413
3320300
3302300
3300320
3300302
2300411
320411
302411
300431
300413
3200411
3020411
3002411
3000431
3000413
2333000
333200
333020
333002
3233000
3033200
3033020
3033002
2033111
233111
33311
33131
33113
3323000
3303200
3303020
3303002
2303111
323111
303311
303131
303113
3203111
3023111
3003311
3003131
3003113
2003222
203222
23222
3422
3242
3224
3332000
3330200
3330020
3330002
2330111
332111
330311
330131
330113
3230111
3032111
3030311
3030131
3030113
2030222
230222
32222
30422
30242
30224
3320111
3302111
3300311
3300131
3300113
2300222
320222
302222
300422
300242
300224
3200222
3020222
3002222
3000422
3000242
3000224
2003333
203333
23333
2030333
230333
32333
2300333
320333
302333
3200333
3020333
3002333
2000444
200444
20444
2444
2033033
233033
33233
2303033
323033
303233
3203033
3023033
3003233
2003144
203144
23144
3344
2330033
332033
330233
3230033
3032033
3030233
2030144
230144
32144
30344
3320033
3302033
3300233
2300144
320144
302144
300344
3200144
3020144
3002144
3000344
2033303
233303
33323
2303303
323303
303323
3203303
3023303
3003323
2003414
203414
23414
3434
2330303
332303
330323
3230303
3032303
3030323
2030414
230414
32414
30434
3320303
3302303
3300323
2300414
320414
302414
300434
3200414
3020414
3002414
3000434
2333003
333203
333023
3233003
3033203
3033023
2033114
233114
33314
33134
3323003
3303203
3303023
2303114
323114
303314
303134
3203114
3023114
3003314
3003134
3332003
3330203
3330023
2330114
332114
330314
330134
3230114
3032114
3030314
3030134
3320114
3302114
3300314
3300134
2033330
233330
33332
2303330
323330
303332
3203330
3023330
3003332
2003441
203441
23441
3443
2330330
332330
330332
3230330
3032330
3030332
2030441
230441
32441
30443
3320330
3302330
3300332
2300441
320441
302441
300443
3200441
3020441
3002441
3000443
2333030
333230
333032
3233030
3033230
3033032
2033141
233141
33341
33143
3323030
3303230
3303032
2303141
323141
303341
303143
3203141
3023141
3003341
3003143
3332030
3330230
3330032
2330141
332141
330341
330143
3230141
3032141
3030341
3030143
3320141
3302141
3300341
3300143
2333300
333320
333302
3233300
3033320
3033302
2033411
233411
33431
33413
3323300
3303320
3303302
2303411
323411
303431
303413
3203411
3023411
3003431
3003413
3332300
3330320
3330302
2330411
332411
330431
330413
3230411
3032411
3030431
3030413
3320411
3302411
3300431
3300413
3333200
3333020
3333002
2333111
333311
333131
333113
3233111
3033311
3033131
3033113
2033222
233222
33422
33242
33224
3323111
3303311
3303131
3303113
2303222
323222
303422
303242
303224
3203222
3023222
3003422
3003242
3003224
3332111
3330311
3330131
3330113
2330222
332222
330422
330242
330224
3230222
3032222
3030422
3030242
3030224
3320222
3302222
3300422
3300242
3300224
2000000
200000
20000
2000
200
20
2