2
11
20
1000001
1000010
2000000
100001
100010
200000
10001
10010
20000
1001
1010
2000
101
110
200
1000100
100100
10100
1100
1001000
101000
11000
1010000
110000
1100000
23
32
113
122
131
203
212
221
230
302
311
320
1000013
1000022
1000031
1000103
1000112
1000121
1000130
1000202
1000211
1000220
1000301
1000310
2000003
2000012
2000021
2000030
2000102
2000111
2000120
2000201
2000210
2000300
100013
100022
100031
100103
100112
100121
100130
100202
100211
100220
100301
100310
200003
200012
200021
200030
200102
200111
200120
200201
200210
200300
10013
10022
10031
10103
10112
10121
10130
10202
10211
10220
10301
10310
20003
20012
20021
20030
20102
20111
20120
20201
20210
20300
1013
1022
1031
1103
1112
1121
1130
1202
1211
1220
1301
1310
2003
2012
2021
2030
2102
2111
2120
2201
2210
2300
401
410
41
140
14
104
3002
3011
3020
1001003
1001012
1001021
1001030
1002002
1002011
1002020
1003001
1003010
2001002
2001011
2001020
2002001
2002010
2003000
101003
101012
101021
101030
102002
102011
102020
103001
103010
201002
201011
201020
202001
202010
203000
11003
11012
11021
11030
12002
12011
12020
13001
13010
21002
21011
21020
22001
22010
23000
4001
4010
3101
3110
3200
1040
1004
30002
30011
30020
1010003
1010012
1010021
1010030
1020002
1020011
1020020
1030001
1030010
2010002
2010011
2010020
2020001
2020010
2030000
110003
110012
110021
110030
120002
120011
120020
130001
130010
210002
210011
210020
220001
220010
230000
40001
40010
31001
31010
32000
30101
30110
30200
10040
10004
300002
300011
300020
1100003
1100012
1100021
1100030
1200002
1200011
1200020
1300001
1300010
2100002
2100011
2100020
2200001
2200010
2300000
400001
400010
310001
310010
320000
301001
301010
302000
300101
300110
300200
100040
100004
3000002
3000011
3000020
4000001
4000010
3100001
3100010
3200000
3010001
3010010
3020000
3001001
3001010
3002000
3000101
3000110
3000200
1000040
1000004
1001102
1001201
1001300
1002101
1002200
1003100
2001101
2001200
2002100
101102
101201
101300
102101
102200
103100
201101
201200
202100
11102
11201
11300
12101
12200
13100
21101
21200
22100
4100
1400
1010102
1010201
1010300
1020101
1020200
1030100
2010101
2010200
2020100
110102
110201
110300
120101
120200
130100
210101
210200
220100
40100
31100
10400
1100102
1100201
1100300
1200101
1200200
1300100
2100101
2100200
2200100
400100
310100
301100
100400
4000100
3100100
3010100
3001100
1000400
1011002
1012001
1013000
1021001
1022000
1031000
2011001
2012000
2021000
111002
112001
113000
121001
122000
131000
211001
212000
221000
41000
14000
1101002
1102001
1103000
1201001
1202000
1301000
2101001
2102000
2201000
401000
311000
104000
4001000
3101000
3011000
1004000
1001111
1002110
2001110
101111
102110
201110
11111
12110
21110
1110002
1120001
1130000
1210001
1220000
1310000
2110001
2120000
2210000
410000
140000
4010000
3110000
1040000
1010111
1020110
2010110
110111
120110
210110
4100000
1400000
1100111
1200110
2100110
1001120
1001210
101120
101210
11120
11210
1010120
1010210
110120
110210
1100120
1100210
1011020
1012010
1021010
2011010
111020
112010
121010
211010
1101020
1102010
1201010
2101010
1110020
1120010
1210010
2110010
1011200
1012100
1021100
2011100
111200
112100
121100
211100
1101200
1102100
1201100
2101100
1110200
1120100
1210100
2110100
1112000
1121000
1211000
2111000
1011011
1011101
1011110
111011
111101
111110
1101011
1101101
1101110
1110011
1110101
1110110
233
323
332
1133
1223
1232
1313
1322
1331
2033
2123
2132
2213
2222
2231
2303
2312
2321
2330
3023
3032
3113
3122
3131
3203
3212
3221
3230
3302
3311
3320
1000133
1000223
1000232
1000313
1000322
1000331
1001033
1001123
1001132
1001213
1001222
1001231
1001303
1001312
1001321
1001330
1002023
1002032
1002113
1002122
1002131
1002203
1002212
1002221
1002230
1002302
1002311
1002320
1003013
1003022
1003031
1003103
1003112
1003121
1003130
1003202
1003211
1003220
1003301
1003310
2000033
2000123
2000132
2000213
2000222
2000231
2000303
2000312
2000321
2000330
2001023
2001032
2001113
2001122
2001131
2001203
2001212
2001221
2001230
2001302
2001311
2001320
2002013
2002022
2002031
2002103
2002112
2002121
2002130
2002202
2002211
2002220
2002301
2002310
2003003
2003012
2003021
2003030
2003102
2003111
2003120
2003201
2003210
2003300
100133
100223
100232
100313
100322
100331
101033
101123
101132
101213
101222
101231
101303
101312
101321
101330
102023
102032
102113
102122
102131
102203
102212
102221
102230
102302
102311
102320
103013
103022
103031
103103
103112
103121
103130
103202
103211
103220
103301
103310
200033
200123
200132
200213
200222
200231
200303
200312
200321
200330
201023
201032
201113
201122
201131
201203
201212
201221
201230
201302
201311
201320
202013
202022
202031
202103
202112
202121
202130
202202
202211
202220
202301
202310
203003
203012
203021
203030
203102
203111
203120
203201
203210
203300
10133
10223
10232
10313
10322
10331
11033
11123
11132
11213
11222
11231
11303
11312
11321
11330
12023
12032
12113
12122
12131
12203
12212
12221
12230
12302
12311
12320
13013
13022
13031
13103
13112
13121
13130
13202
13211
13220
13301
13310
20033
20123
20132
20213
20222
20231
20303
20312
20321
20330
21023
21032
21113
21122
21131
21203
21212
21221
21230
21302
21311
21320
22013
22022
22031
22103
22112
22121
22130
22202
22211
22220
22301
22310
23003
23012
23021
23030
23102
23111
23120
23201
23210
23300
4013
4022
4031
4103
4112
4121
4130
4202
4211
4220
4301
4310
413
422
431
1403
1412
1421
1430
2402
2411
2420
3401
3410
143
242
341
1043
1142
1241
1340
2042
2141
2240
3041
3140
134
224
314
1034
1124
1214
1304
2024
2114
2204
3014
3104
30023
30032
30113
30122
30131
30203
30212
30221
30230
30302
30311
30320
1010033
1010123
1010132
1010213
1010222
1010231
1010303
1010312
1010321
1010330
1020023
1020032
1020113
1020122
1020131
1020203
1020212
1020221
1020230
1020302
1020311
1020320
1030013
1030022
1030031
1030103
1030112
1030121
1030130
1030202
1030211
1030220
1030301
1030310
2010023
2010032
2010113
2010122
2010131
2010203
2010212
2010221
2010230
2010302
2010311
2010320
2020013
2020022
2020031
2020103
2020112
2020121
2020130
2020202
2020211
2020220
2020301
2020310
2030003
2030012
2030021
2030030
2030102
2030111
2030120
2030201
2030210
2030300
110033
110123
110132
110213
110222
110231
110303
110312
110321
110330
120023
120032
120113
120122
120131
120203
120212
120221
120230
120302
120311
120320
130013
130022
130031
130103
130112
130121
130130
130202
130211
130220
130301
130310
210023
210032
210113
210122
210131
210203
210212
210221
210230
210302
210311
210320
220013
220022
220031
220103
220112
220121
220130
220202
220211
220220
220301
220310
230003
230012
230021
230030
230102
230111
230120
230201
230210
230300
40013
40022
40031
40103
40112
40121
40130
40202
40211
40220
40301
40310
31013
31022
31031
31103
31112
31121
31130
31202
31211
31220
31301
31310
32003
32012
32021
32030
32102
32111
32120
32201
32210
32300
10403
10412
10421
10430
20402
20411
20420
30401
30410
10043
10142
10241
10340
20042
20141
20240
30041
30140
10034
10124
10214
10304
20024
20114
20204
30014
30104
300023
300032
300113
300122
300131
300203
300212
300221
300230
300302
300311
300320
1100033
1100123
1100132
1100213
1100222
1100231
1100303
1100312
1100321
1100330
1200023
1200032
1200113
1200122
1200131
1200203
1200212
1200221
1200230
1200302
1200311
1200320
1300013
1300022
1300031
1300103
1300112
1300121
1300130
1300202
1300211
1300220
1300301
1300310
2100023
2100032
2100113
2100122
2100131
2100203
2100212
2100221
2100230
2100302
2100311
2100320
2200013
2200022
2200031
2200103
2200112
2200121
2200130
2200202
2200211
2200220
2200301
2200310
2300003
2300012
2300021
2300030
2300102
2300111
2300120
2300201
2300210
2300300
400013
400022
400031
400103
400112
400121
400130
400202
400211
400220
400301
400310
310013
310022
310031
310103
310112
310121
310130
310202
310211
310220
310301
310310
320003
320012
320021
320030
320102
320111
320120
320201
320210
320300
301013
301022
301031
301103
301112
301121
301130
301202
301211
301220
301301
301310
302003
302012
302021
302030
302102
302111
302120
302201
302210
302300
100403
100412
100421
100430
200402
200411
200420
300401
300410
100043
100142
100241
100340
200042
200141
200240
300041
300140
100034
100124
100214
100304
200024
200114
200204
300014
300104
3000023
3000032
3000113
3000122
3000131
3000203
3000212
3000221
3000230
3000302
3000311
3000320
4000013
4000022
4000031
4000103
4000112
4000121
4000130
4000202
4000211
4000220
4000301
4000310
3100013
3100022
3100031
3100103
3100112
3100121
3100130
3100202
3100211
3100220
3100301
3100310
3200003
3200012
3200021
3200030
3200102
3200111
3200120
3200201
3200210
3200300
3010013
3010022
3010031
3010103
3010112
3010121
3010130
3010202
3010211
3010220
3010301
3010310
3020003
3020012
3020021
3020030
3020102
3020111
3020120
3020201
3020210
3020300
3001013
3001022
3001031
3001103
3001112
3001121
3001130
3001202
3001211
3001220
3001301
3001310
3002003
3002012
3002021
3002030
3002102
3002111
3002120
3002201
3002210
3002300
1000403
1000412
1000421
1000430
2000402
2000411
2000420
3000401
3000410
1000043
1000142
1000241
1000340
2000042
2000141
2000240
3000041
3000140
1000034
1000124
1000214
1000304
2000024
2000114
2000204
3000014
3000104
404
44
440
33002
33011
33020
1011023
1011032
1012013
1012022
1012031
1013003
1013012
1013021
1013030
1021013
1021022
1021031
1022003
1022012
1022021
1022030
1023002
1023011
1023020
1031003
1031012
1031021
1031030
1032002
1032011
1032020
1033001
1033010
2011013
2011022
2011031
2012003
2012012
2012021
2012030
2013002
2013011
2013020
2021003
2021012
2021021
2021030
2022002
2022011
2022020
2023001
2023010
2031002
2031011
2031020
2032001
2032010
2033000
111023
111032
112013
112022
112031
113003
113012
113021
113030
121013
121022
121031
122003
122012
122021
122030
123002
123011
123020
131003
131012
131021
131030
132002
132011
132020
133001
133010
211013
211022
211031
212003
212012
212021
212030
213002
213011
213020
221003
221012
221021
221030
222002
222011
222020
223001
223010
231002
231011
231020
232001
232010
233000
41003
41012
41021
41030
42002
42011
42020
43001
43010
14003
14012
14021
14030
24002
24011
24020
34001
34010
33101
33110
33200
11042
12041
13040
21041
22040
31040
11024
12014
13004
21014
22004
31004
303002
303011
303020
1101023
1101032
1102013
1102022
1102031
1103003
1103012
1103021
1103030
1201013
1201022
1201031
1202003
1202012
1202021
1202030
1203002
1203011
1203020
1301003
1301012
1301021
1301030
1302002
1302011
1302020
1303001
1303010
2101013
2101022
2101031
2102003
2102012
2102021
2102030
2103002
2103011
2103020
2201003
2201012
2201021
2201030
2202002
2202011
2202020
2203001
2203010
2301002
2301011
2301020
2302001
2302010
2303000
401003
401012
401021
401030
402002
402011
402020
403001
403010
311003
311012
311021
311030
312002
312011
312020
313001
313010
321002
321011
321020
322001
322010
323000
104003
104012
104021
104030
204002
204011
204020
304001
304010
303101
303110
303200
101042
102041
103040
201041
202040
301040
101024
102014
103004
201014
202004
301004
3003002
3003011
3003020
4001003
4001012
4001021
4001030
4002002
4002011
4002020
4003001
4003010
3101003
3101012
3101021
3101030
3102002
3102011
3102020
3103001
3103010
3201002
3201011
3201020
3202001
3202010
3203000
3011003
3011012
3011021
3011030
3012002
3012011
3012020
3013001
3013010
3021002
3021011
3021020
3022001
3022010
3023000
1004003
1004012
1004021
1004030
2004002
2004011
2004020
3004001
3004010
3003101
3003110
3003200
1001042
1002041
1003040
2001041
2002040
3001040
1001024
1002014
1003004
2001014
2002004
3001004
4004
4040
1001114
1001141
1002104
1002140
2001104
2001140
101114
101141
102104
102140
201104
201140
11114
11141
12104
12140
21104
21140
330002
330011
330020
1110023
1110032
1120013
1120022
1120031
1130003
1130012
1130021
1130030
1210013
1210022
1210031
1220003
1220012
1220021
1220030
1230002
1230011
1230020
1310003
1310012
1310021
1310030
1320002
1320011
1320020
1330001
1330010
2110013
2110022
2110031
2120003
2120012
2120021
2120030
2130002
2130011
2130020
2210003
2210012
2210021
2210030
2220002
2220011
2220020
2230001
2230010
2310002
2310011
2310020
2320001
2320010
2330000
410003
410012
410021
410030
420002
420011
420020
430001
430010
140003
140012
140021
140030
240002
240011
240020
340001
340010
331001
331010
332000
330101
330110
330200
110042
120041
130040
210041
220040
310040
110024
120014
130004
210014
220004
310004
3030002
3030011
3030020
4010003
4010012
4010021
4010030
4020002
4020011
4020020
4030001
4030010
3110003
3110012
3110021
3110030
3120002
3120011
3120020
3130001
3130010
3210002
3210011
3210020
3220001
3220010
3230000
1040003
1040012
1040021
1040030
2040002
2040011
2040020
3040001
3040010
3031001
3031010
3032000
3030101
3030110
3030200
1010042
1020041
1030040
2010041
2020040
3010040
1010024
1020014
1030004
2010014
2020004
3010004
40004
40040
1010114
1010141
1020104
1020140
2010104
2010140
110114
110141
120104
120140
210104
210140
3300002
3300011
3300020
4100003
4100012
4100021
4100030
4200002
4200011
4200020
4300001
4300010
1400003
1400012
1400021
1400030
2400002
2400011
2400020
3400001
3400010
3310001
3310010
3320000
3301001
3301010
3302000
3300101
3300110
3300200
1100042
1200041
1300040
2100041
2200040
3100040
1100024
1200014
1300004
2100014
2200004
3100004
400004
400040
1100114
1100141
1200104
1200140
2100104
2100140
4000004
4000040
1011203
1011302
1012103
1012202
1012301
1013102
1013201
1013300
1021103
1021202
1021301
1022102
1022201
1022300
1023101
1023200
1031102
1031201
1031300
1032101
1032200
1033100
2011103
2011202
2011301
2012102
2012201
2012300
2013101
2013200
2021102
2021201
2021300
2022101
2022200
2023100
2031101
2031200
2032100
111203
111302
112103
112202
112301
113102
113201
113300
121103
121202
121301
122102
122201
122300
123101
123200
131102
131201
131300
132101
132200
133100
211103
211202
211301
212102
212201
212300
213101
213200
221102
221201
221300
222101
222200
223100
231101
231200
232100
41102
41201
41300
42101
42200
43100
14102
14201
14300
24101
24200
34100
11402
12401
13400
21401
22400
31400
11204
1101203
1101302
1102103
1102202
1102301
1103102
1103201
1103300
1201103
1201202
1201301
1202102
1202201
1202300
1203101
1203200
1301102
1301201
1301300
1302101
1302200
1303100
2101103
2101202
2101301
2102102
2102201
2102300
2103101
2103200
2201102
2201201
2201300
2202101
2202200
2203100
2301101
2301200
2302100
401102
401201
401300
402101
402200
403100
311102
311201
311300
312101
312200
313100
321101
321200
322100
104102
104201
104300
204101
204200
304100
101402
102401
103400
201401
202400
301400
101204
4001102
4001201
4001300
4002101
4002200
4003100
3101102
3101201
3101300
3102101
3102200
3103100
3201101
3201200
3202100
3011102
3011201
3011300
3012101
3012200
3013100
3021101
3021200
3022100
1004102
1004201
1004300
2004101
2004200
3004100
1001402
1002401
1003400
2001401
2002400
3001400
1001204
4400
1001411
1002410
2001410
101411
102410
201410
11411
12410
21410
1110203
1110302
1120103
1120202
1120301
1130102
1130201
1130300
1210103
1210202
1210301
1220102
1220201
1220300
1230101
1230200
1310102
1310201
1310300
1320101
1320200
1330100
2110103
2110202
2110301
2120102
2120201
2120300
2130101
2130200
2210102
2210201
2210300
2220101
2220200
2230100
2310101
2310200
2320100
410102
410201
410300
420101
420200
430100
140102
140201
140300
240101
240200
340100
331100
110402
120401
130400
210401
220400
310400
110204
4010102
4010201
4010300
4020101
4020200
4030100
3110102
3110201
3110300
3120101
3120200
3130100
3210101
3210200
3220100
1040102
1040201
1040300
2040101
2040200
3040100
3031100
1010402
1020401
1030400
2010401
2020400
3010400
1010204
40400
1010411
1020410
2010410
110411
120410
210410
4100102
4100201
4100300
4200101
4200200
4300100
1400102
1400201
1400300
2400101
2400200
3400100
3310100
3301100
1100402
1200401
1300400
2100401
2200400
3100400
1100204
400400
1100411
1200410
2100410
4000400
1112003
1113002
1121003
1122002
1123001
1131002
1132001
1133000
1211003
1212002
1213001
1221002
1222001
1223000
1231001
1232000
1311002
1312001
1313000
1321001
1322000
1331000
2111003
2112002
2113001
2121002
2122001
2123000
2131001
2132000
2211002
2212001
2213000
2221001
2222000
2231000
2311001
2312000
2321000
411002
412001
413000
421001
422000
431000
141002
142001
143000
241001
242000
341000
114002
124001
134000
214001
224000
314000
112004
121004
211004
4011002
4012001
4013000
4021001
4022000
4031000
3111002
3112001
3113000
3121001
3122000
3131000
3211001
3212000
3221000
1041002
1042001
1043000
2041001
2042000
3041000
1014002
1024001
1034000
2014001
2024000
3014000
1012004
1021004
2011004
44000
1011014
1011104
1011113
1012112
1013111
1021112
1022111
1023110
1031111
1032110
2011112
2012111
2013110
2021111
2022110
2031110
111014
111104
111113
112112
113111
121112
122111
123110
131111
132110
211112
212111
213110
221111
222110
231110
41111
42110
14111
24110
4101002
4102001
4103000
4201001
4202000
4301000
1401002
1402001
1403000
2401001
2402000
3401000
3311000
1104002
1204001
1304000
2104001
2204000
3104000
1102004
1201004
2101004
404000
1101014
1101104
1101113
1102112
1103111
1201112
1202111
1203110
1301111
1302110
2101112
2102111
2103110
2201111
2202110
2301110
401111
402110
311111
312110
321110
104111
204110
4004000
4001111
4002110
3101111
3102110
3201110
3011111
3012110
3021110
1004111
2004110
4110002
4120001
4130000
4210001
4220000
4310000
1410002
1420001
1430000
2410001
2420000
3410000
1140002
1240001
1340000
2140001
2240000
3140000
1120004
1210004
2110004
440000
1110014
1110104
1110113
1120112
1130111
1210112
1220111
1230110
1310111
1320110
2110112
2120111
2130110
2210111
2220110
2310110
410111
420110
140111
240110
4040000
4010111
4020110
3110111
3120110
3210110
1040111
2040110
4400000
4100111
4200110
1400111
2400110
1011230
1011320
1012130
1012220
1012310
1013120
1013210
1021130
1021220
1021310
1022120
1022210
1031120
1031210
2011130
2011220
2011310
2012120
2012210
2021120
2021210
111230
111320
112130
112220
112310
113120
113210
121130
121220
121310
122120
122210
131120
131210
211130
211220
211310
212120
212210
221120
221210
41120
41210
14120
14210
11420
11240
1101230
1101320
1102130
1102220
1102310
1103120
1103210
1201130
1201220
1201310
1202120
1202210
1301120
1301210
2101130
2101220
2101310
2102120
2102210
2201120
2201210
401120
401210
311120
311210
104120
104210
101420
101240
4001120
4001210
3101120
3101210
3011120
3011210
1004120
1004210
1001420
1001240
1110230
1110320
1120130
1120220
1120310
1130120
1130210
1210130
1210220
1210310
1220120
1220210
1310120
1310210
2110130
2110220
2110310
2120120
2120210
2210120
2210210
410120
410210
140120
140210
110420
110240
4010120
4010210
3110120
3110210
1040120
1040210
1010420
1010240
4100120
4100210
1400120
1400210
1100420
1100240
1112030
1113020
1121030
1122020
1123010
1131020
1132010
1211030
1212020
1213010
1221020
1222010
1231010
1311020
1312010
1321010
2111030
2112020
2113010
2121020
2122010
2131010
2211020
2212010
2221010
2311010
411020
412010
421010
141020
142010
241010
114020
124010
214010
112040
121040
211040
4011020
4012010
4021010
3111020
3112010
3121010
3211010
1041020
1042010
2041010
1014020
1024010
2014010
1012040
1021040
2011040
1011041
1011131
1011140
1012121
1021121
2011121
111041
111131
111140
112121
121121
211121
4101020
4102010
4201010
1401020
1402010
2401010
1104020
1204010
2104010
1102040
1201040
2101040
1101041
1101131
1101140
1102121
1201121
2101121
4110020
4120010
4210010
1410020
1420010
2410010
1140020
1240010
2140010
1120040
1210040
2110040
1110041
1110131
1110140
1120121
1210121
2110121
1112300
1113200
1121300
1122200
1123100
1131200
1132100
1211300
1212200
1213100
1221200
1222100
1231100
1311200
1312100
1321100
2111300
2112200
2113100
2121200
2122100
2131100
2211200
2212100
2221100
2311100
411200
412100
421100
141200
142100
241100
114200
124100
214100
112400
121400
211400
4011200
4012100
4021100
3111200
3112100
3121100
3211100
1041200
1042100
2041100
1014200
1024100
2014100
1012400
1021400
2011400
1011311
1011401
1011410
1012211
1021211
2011211
111311
111401
111410
112211
121211
211211
4101200
4102100
4201100
1401200
1402100
2401100
1104200
1204100
2104100
1102400
1201400
2101400
1101311
1101401
1101410
1102211
1201211
2101211
4110200
4120100
4210100
1410200
1420100
2410100
1140200
1240100
2140100
1120400
1210400
2110400
1110311
1110401
1110410
1120211
1210211
2110211
4112000
4121000
4211000
1412000
1421000
2411000
1142000
1241000
2141000
1124000
1214000
2114000
1112111
1113011
1113101
1113110
1121111
1122011
1122101
1122110
1131011
1131101
1131110
1211111
1212011
1212101
1212110
1221011
1221101
1221110
1311011
1311101
1311110
2111111
2112011
2112101
2112110
2121011
2121101
2121110
2211011
2211101
2211110
411011
411101
411110
141011
141101
141110
114011
114101
114110
4011011
4011101
4011110
3111011
3111101
3111110
1041011
1041101
1041110
1014011
1014101
1014110
1011122
1011212
1011221
111122
111212
111221
4101011
4101101
4101110
1401011
1401101
1401110
1104011
1104101
1104110
1101122
1101212
1101221
4110011
4110101
4110110
1410011
1410101
1410110
1140011
1140101
1140110
1110122
1110212
1110221