3
12
21
30
102
201
300
1002
2001
3000
10002
20001
30000
100002
200001
300000
1000002
2000001
3000000
111
120
210
1020
2010
10020
20010
100020
200010
1000020
2000010
1200
2100
10200
20100
100200
200100
1000200
2000100
12000
21000
102000
201000
1002000
2001000
1011
1101
1110
120000
210000
1020000
2010000
10011
10101
10110
1200000
2100000
100011
100101
100110
1000011
1000101
1000110
33
123
132
213
222
231
303
312
321
330
1023
1032
2013
2022
2031
3003
3012
3021
3030
10023
10032
20013
20022
20031
30003
30012
30021
30030
100023
100032
200013
200022
200031
300003
300012
300021
300030
1000023
1000032
2000013
2000022
2000031
3000003
3000012
3000021
3000030
24
42
114
141
1203
1302
2103
2202
2301
3102
3201
3300
10203
10302
20103
20202
20301
30102
30201
30300
100203
100302
200103
200202
200301
300102
300201
300300
1000203
1000302
2000103
2000202
2000301
3000102
3000201
3000300
204
402
411
12003
13002
21003
22002
23001
31002
32001
33000
102003
103002
201003
202002
203001
301002
302001
303000
1002003
1003002
2001003
2002002
2003001
3001002
3002001
3003000
2004
4002
1014
1104
1113
2112
3111
120003
130002
210003
220002
230001
310002
320001
330000
1020003
1030002
2010003
2020002
2030001
3010002
3020001
3030000
20004
40002
10014
10104
10113
20112
30111
1200003
1300002
2100003
2200002
2300001
3100002
3200001
3300000
200004
400002
100014
100104
100113
200112
300111
2000004
4000002
1000014
1000104
1000113
2000112
3000111
1230
1320
2130
2220
2310
3120
3210
10230
10320
20130
20220
20310
30120
30210
100230
100320
200130
200220
200310
300120
300210
1000230
1000320
2000130
2000220
2000310
3000120
3000210
240
420
12030
13020
21030
22020
23010
31020
32010
102030
103020
201030
202020
203010
301020
302010
1002030
1003020
2001030
2002020
2003010
3001020
3002010
2040
4020
1041
1131
1140
2121
120030
130020
210030
220020
230010
310020
320010
1020030
1030020
2010030
2020020
2030010
3010020
3020010
20040
40020
10041
10131
10140
20121
1200030
1300020
2100030
2200020
2300010
3100020
3200010
200040
400020
100041
100131
100140
200121
2000040
4000020
1000041
1000131
1000140
2000121
12300
13200
21300
22200
23100
31200
32100
102300
103200
201300
202200
203100
301200
302100
1002300
1003200
2001300
2002200
2003100
3001200
3002100
2400
4200
1311
1401
1410
2211
120300
130200
210300
220200
230100
310200
320100
1020300
1030200
2010300
2020200
2030100
3010200
3020100
20400
40200
10311
10401
10410
20211
1200300
1300200
2100300
2200200
2300100
3100200
3200100
200400
400200
100311
100401
100410
200211
2000400
4000200
1000311
1000401
1000410
2000211
123000
132000
213000
222000
231000
312000
321000
1023000
1032000
2013000
2022000
2031000
3012000
3021000
24000
42000
12111
13011
13101
13110
21111
22011
22101
22110
31011
31101
31110
1203000
1302000
2103000
2202000
2301000
3102000
3201000
204000
402000
102111
103011
103101
103110
201111
202011
202101
202110
301011
301101
301110
2004000
4002000
1002111
1003011
1003101
1003110
2001111
2002011
2002101
2002110
3001011
3001101
3001110
4011
4101
4110
1122
1212
1221
1230000
1320000
2130000
2220000
2310000
3120000
3210000
240000
420000
120111
130011
130101
130110
210111
220011
220101
220110
310011
310101
310110
2040000
4020000
1020111
1030011
1030101
1030110
2010111
2020011
2020101
2020110
3010011
3010101
3010110
40011
40101
40110
10122
10212
10221
2400000
4200000
1200111
1300011
1300101
1300110
2100111
2200011
2200101
2200110
3100011
3100101
3100110
400011
400101
400110
100122
100212
100221
4000011
4000101
4000110
1000122
1000212
1000221
333
1233
1323
1332
2133
2223
2232
2313
2322
2331
3033
3123
3132
3213
3222
3231
3303
3312
3321
3330
10233
10323
10332
20133
20223
20232
20313
20322
20331
30033
30123
30132
30213
30222
30231
30303
30312
30321
30330
100233
100323
100332
200133
200223
200232
200313
200322
200331
300033
300123
300132
300213
300222
300231
300303
300312
300321
300330
1000233
1000323
1000332
2000133
2000223
2000232
2000313
2000322
2000331
3000033
3000123
3000132
3000213
3000222
3000231
3000303
3000312
3000321
3000330
234
324
243
342
423
432
144
414
441
12033
13023
13032
21033
22023
22032
23013
23022
23031
31023
31032
32013
32022
32031
33003
33012
33021
33030
102033
103023
103032
201033
202023
202032
203013
203022
203031
301023
301032
302013
302022
302031
303003
303012
303021
303030
1002033
1003023
1003032
2001033
2002023
2002032
2003013
2003022
2003031
3001023
3001032
3002013
3002022
3002031
3003003
3003012
3003021
3003030
2034
3024
2043
3042
4023
4032
1044
1134
1143
2124
2142
3114
3141
120033
130023
130032
210033
220023
220032
230013
230022
230031
310023
310032
320013
320022
320031
330003
330012
330021
330030
1020033
1030023
1030032
2010033
2020023
2020032
2030013
2030022
2030031
3010023
3010032
3020013
3020022
3020031
3030003
3030012
3030021
3030030
20034
30024
20043
30042
40023
40032
10044
10134
10143
20124
20142
30114
30141
1200033
1300023
1300032
2100033
2200023
2200032
2300013
2300022
2300031
3100023
3100032
3200013
3200022
3200031
3300003
3300012
3300021
3300030
200034
300024
200043
300042
400023
400032
100044
100134
100143
200124
200142
300114
300141
2000034
3000024
2000043
3000042
4000023
4000032
1000044
1000134
1000143
2000124
2000142
3000114
3000141
12303
13203
13302
21303
22203
22302
23103
23202
23301
31203
31302
32103
32202
32301
33102
33201
33300
102303
103203
103302
201303
202203
202302
203103
203202
203301
301203
301302
302103
302202
302301
303102
303201
303300
1002303
1003203
1003302
2001303
2002203
2002302
2003103
2003202
2003301
3001203
3001302
3002103
3002202
3002301
3003102
3003201
3003300
2304
3204
2403
3402
4203
4302
1314
1404
1413
2214
2412
3411
120303
130203
130302
210303
220203
220302
230103
230202
230301
310203
310302
320103
320202
320301
330102
330201
330300
1020303
1030203
1030302
2010303
2020203
2020302
2030103
2030202
2030301
3010203
3010302
3020103
3020202
3020301
3030102
3030201
3030300
20304
30204
20403
30402
40203
40302
10314
10404
10413
20214
20412
30411
1200303
1300203
1300302
2100303
2200203
2200302
2300103
2300202
2300301
3100203
3100302
3200103
3200202
3200301
3300102
3300201
3300300
200304
300204
200403
300402
400203
400302
100314
100404
100413
200214
200412
300411
2000304
3000204
2000403
3000402
4000203
4000302
1000314
1000404
1000413
2000214
2000412
3000411
123003
132003
133002
213003
222003
223002
231003
232002
233001
312003
313002
321003
322002
323001
331002
332001
333000
1023003
1032003
1033002
2013003
2022003
2023002
2031003
2032002
2033001
3012003
3013002
3021003
3022002
3023001
3031002
3032001
3033000
23004
32004
24003
34002
42003
43002
12114
13014
13104
13113
21114
22014
22104
22113
23112
31014
31104
31113
32112
33111
1203003
1302003
1303002
2103003
2202003
2203002
2301003
2302002
2303001
3102003
3103002
3201003
3202002
3203001
3301002
3302001
3303000
203004
302004
204003
304002
402003
403002
102114
103014
103104
103113
201114
202014
202104
202113
203112
301014
301104
301113
302112
303111
2003004
3002004
2004003
3004002
4002003
4003002
1002114
1003014
1003104
1003113
2001114
2002014
2002104
2002113
2003112
3001014
3001104
3001113
3002112
3003111
4014
4104
4113
1224
1230003
1320003
1330002
2130003
2220003
2230002
2310003
2320002
2330001
3120003
3130002
3210003
3220002
3230001
3310002
3320001
3330000
230004
320004
240003
340002
420003
430002
120114
130014
130104
130113
210114
220014
220104
220113
230112
310014
310104
310113
320112
330111
2030004
3020004
2040003
3040002
4020003
4030002
1020114
1030014
1030104
1030113
2010114
2020014
2020104
2020113
2030112
3010014
3010104
3010113
3020112
3030111
40014
40104
40113
10224
2300004
3200004
2400003
3400002
4200003
4300002
1200114
1300014
1300104
1300113
2100114
2200014
2200104
2200113
2300112
3100014
3100104
3100113
3200112
3300111
400014
400104
400113
100224
4000014
4000104
4000113
1000224
12330
13230
13320
21330
22230
22320
23130
23220
23310
31230
31320
32130
32220
32310
33120
33210
102330
103230
103320
201330
202230
202320
203130
203220
203310
301230
301320
302130
302220
302310
303120
303210
1002330
1003230
1003320
2001330
2002230
2002320
2003130
2003220
2003310
3001230
3001320
3002130
3002220
3002310
3003120
3003210
2340
3240
2430
3420
4230
4320
1341
1431
1440
2241
2421
120330
130230
130320
210330
220230
220320
230130
230220
230310
310230
310320
320130
320220
320310
330120
330210
1020330
1030230
1030320
2010330
2020230
2020320
2030130
2030220
2030310
3010230
3010320
3020130
3020220
3020310
3030120
3030210
20340
30240
20430
30420
40230
40320
10341
10431
10440
20241
20421
1200330
1300230
1300320
2100330
2200230
2200320
2300130
2300220
2300310
3100230
3100320
3200130
3200220
3200310
3300120
3300210
200340
300240
200430
300420
400230
400320
100341
100431
100440
200241
200421
2000340
3000240
2000430
3000420
4000230
4000320
1000341
1000431
1000440
2000241
2000421
123030
132030
133020
213030
222030
223020
231030
232020
233010
312030
313020
321030
322020
323010
331020
332010
1023030
1032030
1033020
2013030
2022030
2023020
2031030
2032020
2033010
3012030
3013020
3021030
3022020
3023010
3031020
3032010
23040
32040
24030
34020
42030
43020
12141
13041
13131
13140
21141
22041
22131
22140
23121
31041
31131
31140
32121
1203030
1302030
1303020
2103030
2202030
2203020
2301030
2302020
2303010
3102030
3103020
3201030
3202020
3203010
3301020
3302010
203040
302040
204030
304020
402030
403020
102141
103041
103131
103140
201141
202041
202131
202140
203121
301041
301131
301140
302121
2003040
3002040
2004030
3004020
4002030
4003020
1002141
1003041
1003131
1003140
2001141
2002041
2002131
2002140
2003121
3001041
3001131
3001140
3002121
4041
4131
4140
1242
1230030
1320030
1330020
2130030
2220030
2230020
2310030
2320020
2330010
3120030
3130020
3210030
3220020
3230010
3310020
3320010
230040
320040
240030
340020
420030
430020
120141
130041
130131
130140
210141
220041
220131
220140
230121
310041
310131
310140
320121
2030040
3020040
2040030
3040020
4020030
4030020
1020141
1030041
1030131
1030140
2010141
2020041
2020131
2020140
2030121
3010041
3010131
3010140
3020121
40041
40131
40140
10242
2300040
3200040
2400030
3400020
4200030
4300020
1200141
1300041
1300131
1300140
2100141
2200041
2200131
2200140
2300121
3100041
3100131
3100140
3200121
400041
400131
400140
100242
4000041
4000131
4000140
1000242
123300
132300
133200
213300
222300
223200
231300
232200
233100
312300
313200
321300
322200
323100
331200
332100
1023300
1032300
1033200
2013300
2022300
2023200
2031300
2032200
2033100
3012300
3013200
3021300
3022200
3023100
3031200
3032100
23400
32400
24300
34200
42300
43200
12411
13311
13401
13410
21411
22311
22401
22410
23211
31311
31401
31410
32211
1203300
1302300
1303200
2103300
2202300
2203200
2301300
2302200
2303100
3102300
3103200
3201300
3202200
3203100
3301200
3302100
203400
302400
204300
304200
402300
403200
102411
103311
103401
103410
201411
202311
202401
202410
203211
301311
301401
301410
302211
2003400
3002400
2004300
3004200
4002300
4003200
1002411
1003311
1003401
1003410
2001411
2002311
2002401
2002410
2003211
3001311
3001401
3001410
3002211
4311
4401
4410
1422
1230300
1320300
1330200
2130300
2220300
2230200
2310300
2320200
2330100
3120300
3130200
3210300
3220200
3230100
3310200
3320100
230400
320400
240300
340200
420300
430200
120411
130311
130401
130410
210411
220311
220401
220410
230211
310311
310401
310410
320211
2030400
3020400
2040300
3040200
4020300
4030200
1020411
1030311
1030401
1030410
2010411
2020311
2020401
2020410
2030211
3010311
3010401
3010410
3020211
40311
40401
40410
10422
2300400
3200400
2400300
3400200
4200300
4300200
1200411
1300311
1300401
1300410
2100411
2200311
2200401
2200410
2300211
3100311
3100401
3100410
3200211
400311
400401
400410
100422
4000311
4000401
4000410
1000422
1233000
1323000
1332000
2133000
2223000
2232000
2313000
2322000
2331000
3123000
3132000
3213000
3222000
3231000
3312000
3321000
234000
324000
243000
342000
423000
432000
123111
132111
133011
133101
133110
213111
222111
223011
223101
223110
231111
232011
232101
232110
312111
313011
313101
313110
321111
322011
322101
322110
331011
331101
331110
2034000
3024000
2043000
3042000
4023000
4032000
1023111
1032111
1033011
1033101
1033110
2013111
2022111
2023011
2023101
2023110
2031111
2032011
2032101
2032110
3012111
3013011
3013101
3013110
3021111
3022011
3022101
3022110
3031011
3031101
3031110
24111
34011
34101
34110
42111
43011
43101
43110
12222
13122
13212
13221
21222
22122
22212
22221
31122
31212
31221
2304000
3204000
2403000
3402000
4203000
4302000
1203111
1302111
1303011
1303101
1303110
2103111
2202111
2203011
2203101
2203110
2301111
2302011
2302101
2302110
3102111
3103011
3103101
3103110
3201111
3202011
3202101
3202110
3301011
3301101
3301110
204111
304011
304101
304110
402111
403011
403101
403110
102222
103122
103212
103221
201222
202122
202212
202221
301122
301212
301221
2004111
3004011
3004101
3004110
4002111
4003011
4003101
4003110
1002222
1003122
1003212
1003221
2001222
2002122
2002212
2002221
3001122
3001212
3001221
4122
4212
4221
2340000
3240000
2430000
3420000
4230000
4320000
1230111
1320111
1330011
1330101
1330110
2130111
2220111
2230011
2230101
2230110
2310111
2320011
2320101
2320110
3120111
3130011
3130101
3130110
3210111
3220011
3220101
3220110
3310011
3310101
3310110
240111
340011
340101
340110
420111
430011
430101
430110
120222
130122
130212
130221
210222
220122
220212
220221
310122
310212
310221
2040111
3040011
3040101
3040110
4020111
4030011
4030101
4030110
1020222
1030122
1030212
1030221
2010222
2020122
2020212
2020221
3010122
3010212
3010221
40122
40212
40221
2400111
3400011
3400101
3400110
4200111
4300011
4300101
4300110
1200222
1300122
1300212
1300221
2100222
2200122
2200212
2200221
3100122
3100212
3100221
400122
400212
400221
4000122
4000212
4000221