1
10
100
1000
10000
100000
1000000
13
22
31
103
112
121
130
202
211
220
301
310
1003
1012
1021
1030
2002
2011
2020
3001
3010
10003
10012
10021
10030
20002
20011
20020
30001
30010
100003
100012
100021
100030
200002
200011
200020
300001
300010
1000003
1000012
1000021
1000030
2000002
2000011
2000020
3000001
3000010
4
40
1102
1201
1300
2101
2200
3100
10102
10201
10300
20101
20200
30100
100102
100201
100300
200101
200200
300100
1000102
1000201
1000300
2000101
2000200
3000100
400
11002
12001
13000
21001
22000
31000
101002
102001
103000
201001
202000
301000
1001002
1002001
1003000
2001001
2002000
3001000
4000
1111
2110
110002
120001
130000
210001
220000
310000
1010002
1020001
1030000
2010001
2020000
3010000
40000
10111
20110
1100002
1200001
1300000
2100001
2200000
3100000
400000
100111
200110
4000000
1000111
2000110
1120
1210
10120
10210
100120
100210
1000120
1000210
11020
12010
21010
101020
102010
201010
1001020
1002010
2001010
110020
120010
210010
1010020
1020010
2010010
1100020
1200010
2100010
11200
12100
21100
101200
102100
201100
1001200
1002100
2001100
110200
120100
210100
1010200
1020100
2010100
1100200
1200100
2100100
112000
121000
211000
1012000
1021000
2011000
11011
11101
11110
1102000
1201000
2101000
101011
101101
101110
1001011
1001101
1001110
1120000
1210000
2110000
110011
110101
110110
1010011
1010101
1010110
1100011
1100101
1100110
133
223
232
313
322
331
1033
1123
1132
1213
1222
1231
1303
1312
1321
1330
2023
2032
2113
2122
2131
2203
2212
2221
2230
2302
2311
2320
3013
3022
3031
3103
3112
3121
3130
3202
3211
3220
3301
3310
10033
10123
10132
10213
10222
10231
10303
10312
10321
10330
20023
20032
20113
20122
20131
20203
20212
20221
20230
20302
20311
20320
30013
30022
30031
30103
30112
30121
30130
30202
30211
30220
30301
30310
100033
100123
100132
100213
100222
100231
100303
100312
100321
100330
200023
200032
200113
200122
200131
200203
200212
200221
200230
200302
200311
200320
300013
300022
300031
300103
300112
300121
300130
300202
300211
300220
300301
300310
1000033
1000123
1000132
1000213
1000222
1000231
1000303
1000312
1000321
1000330
2000023
2000032
2000113
2000122
2000131
2000203
2000212
2000221
2000230
2000302
2000311
2000320
3000013
3000022
3000031
3000103
3000112
3000121
3000130
3000202
3000211
3000220
3000301
3000310
34
124
214
304
43
142
241
340
403
412
421
430
11023
11032
12013
12022
12031
13003
13012
13021
13030
21013
21022
21031
22003
22012
22021
22030
23002
23011
23020
31003
31012
31021
31030
32002
32011
32020
33001
33010
101023
101032
102013
102022
102031
103003
103012
103021
103030
201013
201022
201031
202003
202012
202021
202030
203002
203011
203020
301003
301012
301021
301030
302002
302011
302020
303001
303010
1001023
1001032
1002013
1002022
1002031
1003003
1003012
1003021
1003030
2001013
2001022
2001031
2002003
2002012
2002021
2002030
2003002
2003011
2003020
3001003
3001012
3001021
3001030
3002002
3002011
3002020
3003001
3003010
1024
2014
3004
1042
2041
3040
4003
4012
4021
4030
1114
1141
2104
2140
110023
110032
120013
120022
120031
130003
130012
130021
130030
210013
210022
210031
220003
220012
220021
220030
230002
230011
230020
310003
310012
310021
310030
320002
320011
320020
330001
330010
1010023
1010032
1020013
1020022
1020031
1030003
1030012
1030021
1030030
2010013
2010022
2010031
2020003
2020012
2020021
2020030
2030002
2030011
2030020
3010003
3010012
3010021
3010030
3020002
3020011
3020020
3030001
3030010
10024
20014
30004
10042
20041
30040
40003
40012
40021
40030
10114
10141
20104
20140
1100023
1100032
1200013
1200022
1200031
1300003
1300012
1300021
1300030
2100013
2100022
2100031
2200003
2200012
2200021
2200030
2300002
2300011
2300020
3100003
3100012
3100021
3100030
3200002
3200011
3200020
3300001
3300010
100024
200014
300004
100042
200041
300040
400003
400012
400021
400030
100114
100141
200104
200140
1000024
2000014
3000004
1000042
2000041
3000040
4000003
4000012
4000021
4000030
1000114
1000141
2000104
2000140
11203
11302
12103
12202
12301
13102
13201
13300
21103
21202
21301
22102
22201
22300
23101
23200
31102
31201
31300
32101
32200
33100
101203
101302
102103
102202
102301
103102
103201
103300
201103
201202
201301
202102
202201
202300
203101
203200
301102
301201
301300
302101
302200
303100
1001203
1001302
1002103
1002202
1002301
1003102
1003201
1003300
2001103
2001202
2001301
2002102
2002201
2002300
2003101
2003200
3001102
3001201
3001300
3002101
3002200
3003100
1204
1402
2401
3400
4102
4201
4300
1411
2410
110203
110302
120103
120202
120301
130102
130201
130300
210103
210202
210301
220102
220201
220300
230101
230200
310102
310201
310300
320101
320200
330100
1010203
1010302
1020103
1020202
1020301
1030102
1030201
1030300
2010103
2010202
2010301
2020102
2020201
2020300
2030101
2030200
3010102
3010201
3010300
3020101
3020200
3030100
10204
10402
20401
30400
40102
40201
40300
10411
20410
1100203
1100302
1200103
1200202
1200301
1300102
1300201
1300300
2100103
2100202
2100301
2200102
2200201
2200300
2300101
2300200
3100102
3100201
3100300
3200101
3200200
3300100
100204
100402
200401
300400
400102
400201
400300
100411
200410
1000204
1000402
2000401
3000400
4000102
4000201
4000300
1000411
2000410
112003
113002
121003
122002
123001
131002
132001
133000
211003
212002
213001
221002
222001
223000
231001
232000
311002
312001
313000
321001
322000
331000
1012003
1013002
1021003
1022002
1023001
1031002
1032001
1033000
2011003
2012002
2013001
2021002
2022001
2023000
2031001
2032000
3011002
3012001
3013000
3021001
3022000
3031000
12004
21004
14002
24001
34000
41002
42001
43000
11014
11104
11113
12112
13111
21112
22111
23110
31111
32110
1102003
1103002
1201003
1202002
1203001
1301002
1302001
1303000
2101003
2102002
2103001
2201002
2202001
2203000
2301001
2302000
3101002
3102001
3103000
3201001
3202000
3301000
102004
201004
104002
204001
304000
401002
402001
403000
101014
101104
101113
102112
103111
201112
202111
203110
301111
302110
1002004
2001004
1004002
2004001
3004000
4001002
4002001
4003000
1001014
1001104
1001113
1002112
1003111
2001112
2002111
2003110
3001111
3002110
4111
1120003
1130002
1210003
1220002
1230001
1310002
1320001
1330000
2110003
2120002
2130001
2210002
2220001
2230000
2310001
2320000
3110002
3120001
3130000
3210001
3220000
3310000
120004
210004
140002
240001
340000
410002
420001
430000
110014
110104
110113
120112
130111
210112
220111
230110
310111
320110
1020004
2010004
1040002
2040001
3040000
4010002
4020001
4030000
1010014
1010104
1010113
1020112
1030111
2010112
2020111
2030110
3010111
3020110
40111
1200004
2100004
1400002
2400001
3400000
4100002
4200001
4300000
1100014
1100104
1100113
1200112
1300111
2100112
2200111
2300110
3100111
3200110
400111
4000111
11230
11320
12130
12220
12310
13120
13210
21130
21220
21310
22120
22210
31120
31210
101230
101320
102130
102220
102310
103120
103210
201130
201220
201310
202120
202210
301120
301210
1001230
1001320
1002130
1002220
1002310
1003120
1003210
2001130
2001220
2001310
2002120
2002210
3001120
3001210
1240
1420
4120
4210
110230
110320
120130
120220
120310
130120
130210
210130
210220
210310
220120
220210
310120
310210
1010230
1010320
1020130
1020220
1020310
1030120
1030210
2010130
2010220
2010310
2020120
2020210
3010120
3010210
10240
10420
40120
40210
1100230
1100320
1200130
1200220
1200310
1300120
1300210
2100130
2100220
2100310
2200120
2200210
3100120
3100210
100240
100420
400120
400210
1000240
1000420
4000120
4000210
112030
113020
121030
122020
123010
131020
132010
211030
212020
213010
221020
222010
231010
311020
312010
321010
1012030
1013020
1021030
1022020
1023010
1031020
1032010
2011030
2012020
2013010
2021020
2022010
2031010
3011020
3012010
3021010
12040
21040
14020
24010
41020
42010
11041
11131
11140
12121
21121
1102030
1103020
1201030
1202020
1203010
1301020
1302010
2101030
2102020
2103010
2201020
2202010
2301010
3101020
3102010
3201010
102040
201040
104020
204010
401020
402010
101041
101131
101140
102121
201121
1002040
2001040
1004020
2004010
4001020
4002010
1001041
1001131
1001140
1002121
2001121
1120030
1130020
1210030
1220020
1230010
1310020
1320010
2110030
2120020
2130010
2210020
2220010
2310010
3110020
3120010
3210010
120040
210040
140020
240010
410020
420010
110041
110131
110140
120121
210121
1020040
2010040
1040020
2040010
4010020
4020010
1010041
1010131
1010140
1020121
2010121
1200040
2100040
1400020
2400010
4100020
4200010
1100041
1100131
1100140
1200121
2100121
112300
113200
121300
122200
123100
131200
132100
211300
212200
213100
221200
222100
231100
311200
312100
321100
1012300
1013200
1021300
1022200
1023100
1031200
1032100
2011300
2012200
2013100
2021200
2022100
2031100
3011200
3012100
3021100
12400
21400
14200
24100
41200
42100
11311
11401
11410
12211
21211
1102300
1103200
1201300
1202200
1203100
1301200
1302100
2101300
2102200
2103100
2201200
2202100
2301100
3101200
3102100
3201100
102400
201400
104200
204100
401200
402100
101311
101401
101410
102211
201211
1002400
2001400
1004200
2004100
4001200
4002100
1001311
1001401
1001410
1002211
2001211
1120300
1130200
1210300
1220200
1230100
1310200
1320100
2110300
2120200
2130100
2210200
2220100
2310100
3110200
3120100
3210100
120400
210400
140200
240100
410200
420100
110311
110401
110410
120211
210211
1020400
2010400
1040200
2040100
4010200
4020100
1010311
1010401
1010410
1020211
2010211
1200400
2100400
1400200
2400100
4100200
4200100
1100311
1100401
1100410
1200211
2100211
1123000
1132000
1213000
1222000
1231000
1312000
1321000
2113000
2122000
2131000
2212000
2221000
2311000
3112000
3121000
3211000
124000
214000
142000
241000
412000
421000
112111
113011
113101
113110
121111
122011
122101
122110
131011
131101
131110
211111
212011
212101
212110
221011
221101
221110
311011
311101
311110
1024000
2014000
1042000
2041000
4012000
4021000
1012111
1013011
1013101
1013110
1021111
1022011
1022101
1022110
1031011
1031101
1031110
2011111
2012011
2012101
2012110
2021011
2021101
2021110
3011011
3011101
3011110
14011
14101
14110
41011
41101
41110
11122
11212
11221
1204000
2104000
1402000
2401000
4102000
4201000
1102111
1103011
1103101
1103110
1201111
1202011
1202101
1202110
1301011
1301101
1301110
2101111
2102011
2102101
2102110
2201011
2201101
2201110
3101011
3101101
3101110
104011
104101
104110
401011
401101
401110
101122
101212
101221
1004011
1004101
1004110
4001011
4001101
4001110
1001122
1001212
1001221
1240000
2140000
1420000
2410000
4120000
4210000
1120111
1130011
1130101
1130110
1210111
1220011
1220101
1220110
1310011
1310101
1310110
2110111
2120011
2120101
2120110
2210011
2210101
2210110
3110011
3110101
3110110
140011
140101
140110
410011
410101
410110
110122
110212
110221
1040011
1040101
1040110
4010011
4010101
4010110
1010122
1010212
1010221
1400011
1400101
1400110
4100011
4100101
4100110
1100122
1100212
1100221