3
30
300
3000
30000
300000
3000000
30000000
300000000
111
1110
11100
111000
1110000
11100000
111000000
33
303
3003
30003
300003
3000003
30000003
300000003
114
1113
11103
111003
1110003
11100003
111000003
330
3030
30030
300030
3000030
30000030
300000030
141
1140
11130
111030
1110030
11100030
111000030
3300
30300
300300
3000300
30000300
300000300
411
1410
11400
111300
1110300
11100300
111000300
33000
303000
3003000
30003000
300003000
3111
4110
14100
114000
1113000
11103000
111003000
330000
3030000
30030000
300030000
30111
31110
41100
141000
1140000
11130000
111030000
3300000
30300000
300300000
300111
301110
311100
411000
1410000
11400000
111300000
33000000
303000000
3000111
3001110
3011100
3111000
4110000
14100000
114000000
330000000
30000111
30001110
30011100
30111000
31110000
41100000
141000000
300000111
300001110
300011100
300111000
301110000
311100000
411000000
1221
11211
111111
1110111
11100111
111000111
222
12210
112110
1111110
11101110
111001110
2220
122100
1121100
11111100
111011100
22200
1221000
11211000
111111000
222000
12210000
112110000
2220000
122100000
22200000
222000000
333
3033
30033
300033
3000033
30000033
300000033
144
1143
11133
111033
1110033
11100033
111000033
3303
30303
300303
3000303
30000303
300000303
414
1413
11403
111303
1110303
11100303
111000303
33003
303003
3003003
30003003
300003003
3114
4113
14103
114003
1113003
11103003
111003003
330003
3030003
30030003
300030003
30114
31113
41103
141003
1140003
11130003
111030003
3300003
30300003
300300003
300114
301113
311103
411003
1410003
11400003
111300003
33000003
303000003
3000114
3001113
3011103
3111003
4110003
14100003
114000003
330000003
30000114
30001113
30011103
30111003
31110003
41100003
141000003
300000114
300001113
300011103
300111003
301110003
311100003
411000003
1224
11214
111114
1110114
11100114
111000114
12213
112113
1111113
11101113
111001113
2223
122103
1121103
11111103
111011103
22203
1221003
11211003
111111003
222003
12210003
112110003
2220003
122100003
22200003
222000003
3330
30330
300330
3000330
30000330
300000330
441
1440
11430
111330
1110330
11100330
111000330
33030
303030
3003030
30003030
300003030
3141
4140
14130
114030
1113030
11103030
111003030
330030
3030030
30030030
300030030
30141
31140
41130
141030
1140030
11130030
111030030
3300030
30300030
300300030
300141
301140
311130
411030
1410030
11400030
111300030
33000030
303000030
3000141
3001140
3011130
3111030
4110030
14100030
114000030
330000030
30000141
30001140
30011130
30111030
31110030
41100030
141000030
300000141
300001140
300011130
300111030
301110030
311100030
411000030
11241
111141
1110141
11100141
111000141
12240
112140
1111140
11101140
111001140
122130
1121130
11111130
111011130
22230
1221030
11211030
111111030
222030
12210030
112110030
2220030
122100030
22200030
222000030
33300
303300
3003300
30003300
300003300
3411
4410
14400
114300
1113300
11103300
111003300
330300
3030300
30030300
300030300
30411
31410
41400
141300
1140300
11130300
111030300
3300300
30300300
300300300
300411
301410
311400
411300
1410300
11400300
111300300
33000300
303000300
3000411
3001410
3011400
3111300
4110300
14100300
114000300
330000300
30000411
30001410
30011400
30111300
31110300
41100300
141000300
300000411
300001410
300011400
300111300
301110300
311100300
411000300
111411
1110411
11100411
111000411
112410
1111410
11101410
111001410
122400
1121400
11111400
111011400
1221300
11211300
111111300
222300
12210300
112110300
2220300
122100300
22200300
222000300
333000
3033000
30033000
300033000
33111
34110
44100
144000
1143000
11133000
111033000
3303000
30303000
300303000
303111
304110
314100
414000
1413000
11403000
111303000
33003000
303003000
3003111
3004110
3014100
3114000
4113000
14103000
114003000
330003000
30003111
30004110
30014100
30114000
31113000
41103000
141003000
300003111
300004110
300014100
300114000
301113000
311103000
411003000
4221
14211
114111
1113111
11103111
111003111
3222
1114110
11104110
111004110
1124100
11114100
111014100
1224000
11214000
111114000
12213000
112113000
2223000
122103000
22203000
222003000
3330000
30330000
300330000
330111
331110
341100
441000
1440000
11430000
111330000
33030000
303030000
3030111
3031110
3041100
3141000
4140000
14130000
114030000
330030000
30030111
30031110
30041100
30141000
31140000
41130000
141030000
300030111
300031110
300041100
300141000
301140000
311130000
411030000
31221
41211
141111
1140111
11130111
111030111
30222
42210
142110
1141110
11131110
111031110
32220
11141100
111041100
11241000
111141000
12240000
112140000
122130000
22230000
222030000
33300000
303300000
3300111
3301110
3311100
3411000
4410000
14400000
114300000
330300000
30300111
30301110
30311100
30411000
31410000
41400000
141300000
300300111
300301110
300311100
300411000
301410000
311400000
411300000
301221
311211
411111
1410111
11400111
111300111
300222
312210
412110
1411110
11401110
111301110
302220
422100
1421100
11411100
111311100
322200
111411000
112410000
122400000
222300000
333000000
33000111
33001110
33011100
33111000
34110000
44100000
144000000
303000111
303001110
303011100
303111000
304110000
314100000
414000000
3001221
3011211
3111111
4110111
14100111
114000111
3000222
3012210
3112110
4111110
14101110
114001110
3002220
3122100
4121100
14111100
114011100
3022200
4221000
14211000
114111000
3222000
330000111
330001110
330011100
330111000
331110000
341100000
441000000
30001221
30011211
30111111
31110111
41100111
141000111
30000222
30012210
30112110
31111110
41101110
141001110
30002220
30122100
31121100
41111100
141011100
30022200
31221000
41211000
141111000
30222000
42210000
142110000
32220000
300001221
300011211
300111111
301110111
311100111
411000111
300000222
300012210
300112110
301111110
311101110
411001110
300002220
300122100
301121100
311111100
411011100
300022200
301221000
311211000
411111000
300222000
312210000
412110000
302220000
422100000
322200000
12321
112221
1111221
11101221
111001221
1332
2331
122211
1121211
11111211
111011211
11322
22311
1221111
11211111
111111111
111222
222111
12210111
112110111
1110222
2220111
122100111
11100222
22200111
111000222
222000111
123210
1122210
11112210
111012210
13320
23310
1222110
11212110
111112110
113220
223110
12211110
112111110
1112220
2221110
122101110
11102220
22201110
111002220
222001110
1232100
11222100
111122100
133200
233100
12221100
112121100
1132200
2231100
122111100
11122200
22211100
111022200
222011100
12321000
112221000
1332000
2331000
122211000
11322000
22311000
111222000
222111000
123210000
13320000
23310000
113220000
223110000
133200000
233100000
3333
30333
300333
3000333
30000333
300000333
444
1443
11433
111333
1110333
11100333
111000333
33033
303033
3003033
30003033
300003033
3144
4143
14133
114033
1113033
11103033
111003033
330033
3030033
30030033
300030033
30144
31143
41133
141033
1140033
11130033
111030033
3300033
30300033
300300033
300144
301143
311133
411033
1410033
11400033
111300033
33000033
303000033
3000144
3001143
3011133
3111033
4110033
14100033
114000033
330000033
30000144
30001143
30011133
30111033
31110033
41100033
141000033
300000144
300001143
300011133
300111033
301110033
311100033
411000033
11244
111144
1110144
11100144
111000144
12243
112143
1111143
11101143
111001143
122133
1121133
11111133
111011133
22233
1221033
11211033
111111033
222033
12210033
112110033
2220033
122100033
22200033
222000033
33303
303303
3003303
30003303
300003303
3414
4413
14403
114303
1113303
11103303
111003303
330303
3030303
30030303
300030303
30414
31413
41403
141303
1140303
11130303
111030303
3300303
30300303
300300303
300414
301413
311403
411303
1410303
11400303
111300303
33000303
303000303
3000414
3001413
3011403
3111303
4110303
14100303
114000303
330000303
30000414
30001413
30011403
30111303
31110303
41100303
141000303
300000414
300001413
300011403
300111303
301110303
311100303
411000303
111414
1110414
11100414
111000414
112413
1111413
11101413
111001413
122403
1121403
11111403
111011403
1221303
11211303
111111303
222303
12210303
112110303
2220303
122100303
22200303
222000303
333003
3033003
30033003
300033003
33114
34113
44103
144003
1143003
11133003
111033003
3303003
30303003
300303003
303114
304113
314103
414003
1413003
11403003
111303003
33003003
303003003
3003114
3004113
3014103
3114003
4113003
14103003
114003003
330003003
30003114
30004113
30014103
30114003
31113003
41103003
141003003
300003114
300004113
300014103
300114003
301113003
311103003
411003003
4224
14214
114114
1113114
11103114
111003114
1114113
11104113
111004113
1124103
11114103
111014103
1224003
11214003
111114003
12213003
112113003
2223003
122103003
22203003
222003003
3330003
30330003
300330003
330114
331113
341103
441003
1440003
11430003
111330003
33030003
303030003
3030114
3031113
3041103
3141003
4140003
14130003
114030003
330030003
30030114
30031113
30041103
30141003
31140003
41130003
141030003
300030114
300031113
300041103
300141003
301140003
311130003
411030003
31224
41214
141114
1140114
11130114
111030114
42213
142113
1141113
11131113
111031113
32223
11141103
111041103
11241003
111141003
12240003
112140003
122130003
22230003
222030003
33300003
303300003
3300114
3301113
3311103
3411003
4410003
14400003
114300003
330300003
30300114
30301113
30311103
30411003
31410003
41400003
141300003
300300114
300301113
300311103
300411003
301410003
311400003
411300003
301224
311214
411114
1410114
11400114
111300114
312213
412113
1411113
11401113
111301113
302223
422103
1421103
11411103
111311103
322203
111411003
112410003
122400003
222300003
333000003
33000114
33001113
33011103
33111003
34110003
44100003
144000003
303000114
303001113
303011103
303111003
304110003
314100003
414000003
3001224
3011214
3111114
4110114
14100114
114000114
3012213
3112113
4111113
14101113
114001113
3002223
3122103
4121103
14111103
114011103
3022203
4221003
14211003
114111003
3222003
330000114
330001113
330011103
330111003
331110003
341100003
441000003
30001224
30011214
30111114
31110114
41100114
141000114
30012213
30112113
31111113
41101113
141001113
30002223
30122103
31121103
41111103
141011103
30022203
31221003
41211003
141111003
30222003
42210003
142110003
32220003
300001224
300011214
300111114
301110114
311100114
411000114
300012213
300112113
301111113
311101113
411001113
300002223
300122103
301121103
311111103
411011103
300022203
301221003
311211003
411111003
300222003
312210003
412110003
302220003
422100003
322200003
12324
112224
1111224
11101224
111001224
2334
122214
1121214
11111214
111011214
22314
1221114
11211114
111111114
222114
12210114
112110114
2220114
122100114
22200114
222000114
123213
1122213
11112213
111012213
13323
23313
1222113
11212113
111112113
113223
223113
12211113
112111113
1112223
2221113
122101113
11102223
22201113
111002223
222001113
1232103
11222103
111122103
133203
233103
12221103
112121103
1132203
2231103
122111103
11122203
22211103
111022203
222011103
12321003
112221003
1332003
2331003
122211003
11322003
22311003
111222003
222111003
123210003
13320003
23310003
113220003
223110003
133200003
233100003
33330
303330
3003330
30003330
300003330
3441
4440
14430
114330
1113330
11103330
111003330
330330
3030330
30030330
300030330
30441
31440
41430
141330
1140330
11130330
111030330
3300330
30300330
300300330
300441
301440
311430
411330
1410330
11400330
111300330
33000330
303000330
3000441
3001440
3011430
3111330
4110330
14100330
114000330
330000330
30000441
30001440
30011430
30111330
31110330
41100330
141000330
300000441
300001440
300011430
300111330
301110330
311100330
411000330
111441
1110441
11100441
111000441
112440
1111440
11101440
111001440
122430
1121430
11111430
111011430
1221330
11211330
111111330
222330
12210330
112110330
2220330
122100330
22200330
222000330
333030
3033030
30033030
300033030
33141
34140
44130
144030
1143030
11133030
111033030
3303030
30303030
300303030
303141
304140
314130
414030
1413030
11403030
111303030
33003030
303003030
3003141
3004140
3014130
3114030
4113030
14103030
114003030
330003030
30003141
30004140
30014130
30114030
31113030
41103030
141003030
300003141
300004140
300014130
300114030
301113030
311103030
411003030
14241
114141
1113141
11103141
111003141
1114140
11104140
111004140
1124130
11114130
111014130
1224030
11214030
111114030
12213030
112113030
2223030
122103030
22203030
222003030
3330030
30330030
300330030
330141
331140
341130
441030
1440030
11430030
111330030
33030030
303030030
3030141
3031140
3041130
3141030
4140030
14130030
114030030
330030030
30030141
30031140
30041130
30141030
31140030
41130030
141030030
300030141
300031140
300041130
300141030
301140030
311130030
411030030
41241
141141
1140141
11130141
111030141
42240
142140
1141140
11131140
111031140
11141130
111041130
11241030
111141030
12240030
112140030
122130030
22230030
222030030
33300030
303300030
3300141
3301140
3311130
3411030
4410030
14400030
114300030
330300030
30300141
30301140
30311130
30411030
31410030
41400030
141300030
300300141
300301140
300311130
300411030
301410030
311400030
411300030
311241
411141
1410141
11400141
111300141
312240
412140
1411140
11401140
111301140
422130
1421130
11411130
111311130
322230
111411030
112410030
122400030
222300030
333000030
33000141
33001140
33011130
33111030
34110030
44100030
144000030
303000141
303001140
303011130
303111030
304110030
314100030
414000030
3011241
3111141
4110141
14100141
114000141
3012240
3112140
4111140
14101140
114001140
3122130
4121130
14111130
114011130
3022230
4221030
14211030
114111030
3222030
330000141
330001140
330011130
330111030
331110030
341100030
441000030
30011241
30111141
31110141
41100141
141000141
30012240
30112140
31111140
41101140
141001140
30122130
31121130
41111130
141011130
30022230
31221030
41211030
141111030
30222030
42210030
142110030
32220030
300011241
300111141
301110141
311100141
411000141
300012240
300112140
301111140
311101140
411001140
300122130
301121130
311111130
411011130
300022230
301221030
311211030
411111030
300222030
312210030
412110030
302220030
422100030
322200030
122241
1121241
11111241
111011241
22341
1221141
11211141
111111141
222141
12210141
112110141
2220141
122100141
22200141
222000141
123240
1122240
11112240
111012240
23340
1222140
11212140
111112140
223140
12211140
112111140
2221140
122101140
22201140
222001140
1232130
11222130
111122130
133230
233130
12221130
112121130
1132230
2231130
122111130
11122230
22211130
111022230
222011130
12321030
112221030
1332030
2331030
122211030
11322030
22311030
111222030
222111030
123210030
13320030
23310030
113220030
223110030
133200030
233100030
333300
3033300
30033300
300033300
33411
34410
44400
144300
1143300
11133300
111033300
3303300
30303300
300303300
303411
304410
314400
414300
1413300
11403300
111303300
33003300
303003300
3003411
3004410
3014400
3114300
4113300
14103300
114003300
330003300
30003411
30004410
30014400
30114300
31113300
41103300
141003300
300003411
300004410
300014400
300114300
301113300
311103300
411003300
114411
1113411
11103411
111003411
1114410
11104410
111004410
1124400
11114400
111014400
1224300
11214300
111114300
12213300
112113300
2223300
122103300
22203300
222003300
3330300
30330300
300330300
330411
331410
341400
441300
1440300
11430300
111330300
33030300
303030300
3030411
3031410
3041400
3141300
4140300
14130300
114030300
330030300
30030411
30031410
30041400
30141300
31140300
41130300
141030300
300030411
300031410
300041400
300141300
301140300
311130300
411030300
141411
1140411
11130411
111030411
142410
1141410
11131410
111031410
11141400
111041400
11241300
111141300
12240300
112140300
122130300
22230300
222030300
33300300
303300300
3300411
3301410
3311400
3411300
4410300
14400300
114300300
330300300
30300411
30301410
30311400
30411300
31410300
41400300
141300300
300300411
300301410
300311400
300411300
301410300
311400300
411300300
411411
1410411
11400411
111300411
412410
1411410
11401410
111301410
422400
1421400
11411400
111311400
111411300
112410300
122400300
222300300
333000300
33000411
33001410
33011400
33111300
34110300
44100300
144000300
303000411
303001410
303011400
303111300
304110300
314100300
414000300
3111411
4110411
14100411
114000411
3112410
4111410
14101410
114001410
3122400
4121400
14111400
114011400
4221300
14211300
114111300
3222300
330000411
330001410
330011400
330111300
331110300
341100300
441000300
30111411
31110411
41100411
141000411
30112410
31111410
41101410
141001410
30122400
31121400
41111400
141011400
31221300
41211300
141111300
30222300
42210300
142110300
32220300
300111411
301110411
311100411
411000411
300112410
301111410
311101410
411001410
300122400
301121400
311111400
411011400
301221300
311211300
411111300
300222300
312210300
412110300
302220300
422100300
322200300
1221411
11211411
111111411
222411
12210411
112110411
2220411
122100411
22200411
222000411
1222410
11212410
111112410
223410
12211410
112111410
2221410
122101410
22201410
222001410
1232400
11222400
111122400
233400
12221400
112121400
2231400
122111400
22211400
222011400
12321300
112221300
1332300
2331300
122211300
11322300
22311300
111222300
222111300
123210300
13320300
23310300
113220300
223110300
133200300
233100300
3333000
30333000
300333000
333111
334110
344100
444000
1443000
11433000
111333000
33033000
303033000
3033111
3034110
3044100
3144000
4143000
14133000
114033000
330033000
30033111
30034110
30044100
30144000
31143000
41133000
141033000
300033111
300034110
300044100
300144000
301143000
311133000
411033000
34221
44211
144111
1143111
11133111
111033111
33222
1144110
11134110
111034110
11144100
111044100
11244000
111144000
12243000
112143000
122133000
22233000
222033000
33303000
303303000
3303111
3304110
3314100
3414000
4413000
14403000
114303000
330303000
30303111
30304110
30314100
30414000
31413000
41403000
141303000
300303111
300304110
300314100
300414000
301413000
311403000
411303000
304221
314211
414111
1413111
11403111
111303111
303222
1414110
11404110
111304110
1424100
11414100
111314100
111414000
112413000
122403000
222303000
333003000
33003111
33004110
33014100
33114000
34113000
44103000
144003000
303003111
303004110
303014100
303114000
304113000
314103000
414003000
3004221
3014211
3114111
4113111
14103111
114003111
3003222
4114110
14104110
114004110
4124100
14114100
114014100
4224000
14214000
114114000
330003111
330004110
330014100
330114000
331113000
341103000
441003000
30004221
30014211
30114111
31113111
41103111
141003111
30003222
31114110
41104110
141004110
31124100
41114100
141014100
31224000
41214000
141114000
42213000
142113000
32223000
300004221
300014211
300114111
301113111
311103111
411003111
300003222
301114110
311104110
411004110
301124100
311114100
411014100
301224000
311214000
411114000
312213000
412113000
302223000
422103000
322203000
1114221
11104221
111004221
4332
1124211
11114211
111014211
14322
1224111
11214111
111114111
114222
12213111
112113111
1113222
2223111
122103111
11103222
22203111
111003222
222003111
12214110
112114110
2224110
122104110
22204110
222004110
12224100
112124100
2234100
122114100
22214100
222014100
12324000
112224000
2334000
122214000
22314000
222114000
123213000
13323000
23313000
113223000
223113000
133203000
233103000
33330000
303330000
3330111
3331110
3341100
3441000
4440000
14430000
114330000
330330000
30330111
30331110
30341100
30441000
31440000
41430000
141330000
300330111
300331110
300341100
300441000
301440000
311430000
411330000
331221
341211
441111
1440111
11430111
111330111
330222
342210
442110
1441110
11431110
111331110
332220
11441100
111341100
111441000
112440000
122430000
222330000
333030000
33030111
33031110
33041100
33141000
34140000
44130000
144030000
303030111
303031110
303041100
303141000
304140000
314130000
414030000
3031221
3041211
3141111
4140111
14130111
114030111
3030222
3042210
3142110
4141110
14131110
114031110
3032220
14141100
114041100
14241000
114141000
330030111
330031110
330041100
330141000
331140000
341130000
441030000
30031221
30041211
30141111
31140111
41130111
141030111
30030222
30042210
30142110
31141110
41131110
141031110
30032220
41141100
141041100
41241000
141141000
42240000
142140000
300031221
300041211
300141111
301140111
311130111
411030111
300030222
300042210
300142110
301141110
311131110
411031110
300032220
311141100
411041100
311241000
411141000
312240000
412140000
422130000
322230000
42321
142221
1141221
11131221
111031221
31332
32331
11141211
111041211
41322
11241111
111141111
141222
12240111
112140111
1140222
122130111
11130222
22230111
111030222
222030111
11142210
111042210
43320
11242110
111142110
143220
12241110
112141110
1142220
122131110
11132220
22231110
111032220
222031110
122141100
22241100
222041100
122241000
22341000
222141000
123240000
23340000
223140000
133230000
233130000
333300000
33300111
33301110
33311100
33411000
34410000
44400000
144300000
303300111
303301110
303311100
303411000
304410000
314400000
414300000
3301221
3311211
3411111
4410111
14400111
114300111
3300222
3312210
3412110
4411110
14401110
114301110
3302220
3422100
4421100
14411100
114311100
3322200
114411000
330300111
330301110
330311100
330411000
331410000
341400000
441300000
30301221
30311211
30411111
31410111
41400111
141300111
30300222
30312210
30412110
31411110
41401110
141301110
30302220
30422100
31421100
41411100
141311100
30322200
141411000
142410000
300301221
300311211
300411111
301410111
311400111
411300111
300300222
300312210
300412110
301411110
311401110
411301110
300302220
300422100
301421100
311411100
411311100
300322200
411411000
412410000
422400000
312321
412221
1411221
11401221
111301221
301332
302331
422211
1421211
11411211
111311211
311322
322311
111411111
411222
112410111
1410222
122400111
11400222
111300222
222300111
423210
1422210
11412210
111312210
313320
323310
111412110
413220
112411110
1412220
122401110
11402220
111302220
222301110
111422100
433200
112421100
1432200
122411100
11422200
111322200
222311100
222411000
223410000
233400000
333000111
333001110
333011100
333111000
334110000
344100000
444000000
33001221
33011211
33111111
34110111
44100111
144000111
33000222
33012210
33112110
34111110
44101110
144001110
33002220
33122100
34121100
44111100
144011100
33022200
34221000
44211000
144111000
33222000
303001221
303011211
303111111
304110111
314100111
414000111
303000222
303012210
303112110
304111110
314101110
414001110
303002220
303122100
304121100
314111100
414011100
303022200
304221000
314211000
414111000
303222000
3012321
3112221
4111221
14101221
114001221
3001332
3002331
3122211
4121211
14111211
114011211
3011322
3022311
4221111
14211111
114111111
3111222
3222111
4110222
14100222
114000222
3123210
4122210
14112210
114012210
3013320
3023310
4222110
14212110
114112110
3113220
3223110
4112220
14102220
114002220
4232100
14222100
114122100
3133200
3233100
4132200
14122200
114022200
4332000
14322000
114222000
330001221
330011211
330111111
331110111
341100111
441000111
330000222
330012210
330112110
331111110
341101110
441001110
330002220
330122100
331121100
341111100
441011100
330022200
331221000
341211000
441111000
330222000
342210000
442110000
332220000
30012321
30112221
31111221
41101221
141001221
30001332
30002331
30122211
31121211
41111211
141011211
30011322
30022311
31221111
41211111
141111111
30111222
30222111
42210111
142110111
31110222
32220111
41100222
141000222
30123210
31122210
41112210
141012210
30013320
30023310
31222110
41212110
141112110
30113220
30223110
42211110
142111110
31112220
32221110
41102220
141002220
31232100
41222100
141122100
30133200
30233100
42221100
142121100
31132200
32231100
41122200
141022200
42321000
142221000
31332000
32331000
41322000
141222000
43320000
143220000
300012321
300112221
301111221
311101221
411001221
300001332
300002331
300122211
301121211
311111211
411011211
300011322
300022311
301221111
311211111
411111111
300111222
300222111
312210111
412110111
301110222
302220111
422100111
311100222
322200111
411000222
300123210
301122210
311112210
411012210
300013320
300023310
301222110
311212110
411112110
300113220
300223110
312211110
412111110
301112220
302221110
422101110
311102220
322201110
411002220
301232100
311222100
411122100
300133200
300233100
312221100
412121100
301132200
302231100
422111100
311122200
322211100
411022200
312321000
412221000
301332000
302331000
422211000
311322000
322311000
411222000
423210000
313320000
323310000
413220000
433200000
123321
1122321
11112321
111012321
12432
13431
23421
1222221
11212221
111112221
112332
113331
223221
12211221
112111221
1111332
1112331
2221221
122101221
11101332
11102331
22201221
111001332
111002331
222001221
2442
1232211
11222211
111122211
122322
133311
233211
12221211
112121211
1121322
1132311
2231211
122111211
11111322
11122311
22211211
111011322
111022311
222011211
22422
12321111
112221111
1221222
1332111
2331111
122211111
11211222
11322111
22311111
111111222
111222111
222111111
222222
123210111
12210222
13320111
23310111
112110222
113220111
223110111
2220222
122100222
133200111
233100111
22200222
222000222
1233210
11223210
111123210
124320
134310
234210
12222210
112122210
1123320
1133310
2232210
122112210
11113320
11123310
22212210
111013320
111023310
222012210
24420
12322110
112222110
1223220
1333110
2332110
122212110
11213220
11323110
22312110
111113220
111223110
222112110
224220
123211110
12212220
13321110
23311110
112112220
113221110
223111110
2222220
122102220
133201110
233101110
22202220
222002220
12332100
112232100
1243200
1343100
2342100
122222100
11233200
11333100
22322100
111133200
111233100
222122100
244200
123221100
12232200
13331100
23321100
112132200
113231100
223121100
2242200
122122200
133211100
233111100
22222200
222022200
123321000
12432000
13431000
23421000
112332000
113331000
223221000
2442000
122322000
133311000
233211000
22422000
222222000
124320000
134310000
234210000
24420000
224220000
244200000