1
10
100
1000
10000
100000
1000000
10000000
100000000
13
22
31
103
112
121
130
202
211
220
301
310
1003
1012
1021
1030
2002
2011
2020
3001
3010
10003
10012
10021
10030
20002
20011
20020
30001
30010
100003
100012
100021
100030
200002
200011
200020
300001
300010
1000003
1000012
1000021
1000030
2000002
2000011
2000020
3000001
3000010
10000003
10000012
10000021
10000030
20000002
20000011
20000020
30000001
30000010
100000003
100000012
100000021
100000030
200000002
200000011
200000020
300000001
300000010
4
40
1102
1111
1120
10102
10111
10120
11002
11011
11020
11101
11110
101002
101011
101020
110002
110011
110020
111001
111010
1010002
1010011
1010020
1100002
1100011
1100020
1110001
1110010
10100002
10100011
10100020
11000002
11000011
11000020
11100001
11100010
101000002
101000011
101000020
110000002
110000011
110000020
111000001
111000010
1201
1300
2101
2200
3100
10201
10300
20101
20200
30100
100102
100201
100300
200101
200200
300100
1000102
1000201
1000300
2000101
2000200
3000100
10000102
10000201
10000300
20000101
20000200
30000100
100000102
100000201
100000300
200000101
200000200
300000100
400
1210
11200
101101
101200
110101
110200
111100
1010101
1010200
1100101
1100200
1110100
10100101
10100200
11000101
11000200
11100100
101000101
101000200
110000101
110000200
111000100
12001
13000
21001
22000
31000
102001
103000
201001
202000
301000
1001002
1002001
1003000
2001001
2002000
3001000
10001002
10002001
10003000
20001001
20002000
30001000
100001002
100002001
100003000
200001001
200002000
300001000
4000
2110
12100
112000
1011001
1012000
1101001
1102000
1111000
10101001
10102000
11001001
11002000
11101000
101001001
101002000
110001001
110002000
111001000
120001
130000
210001
220000
310000
1020001
1030000
2010001
2020000
3010000
10010002
10020001
10030000
20010001
20020000
30010000
100010002
100020001
100030000
200010001
200020000
300010000
40000
20110
21010
21100
121000
1120000
10110001
10120000
11010001
11020000
11110000
101010001
101020000
110010001
110020000
111010000
1200001
1300000
2100001
2200000
3100000
10200001
10300000
20100001
20200000
30100000
100100002
100200001
100300000
200100001
200200000
300100000
400000
100111
200110
101110
201010
201100
210100
211000
1210000
11200000
101100001
101200000
110100001
110200000
111100000
12000001
13000000
21000001
22000000
31000000
102000001
103000000
201000001
202000000
301000000
4000000
1000111
2000110
1001011
1001101
1001110
2001010
2001100
1011100
2010100
2011000
2101000
2110000
12100000
112000000
120000001
130000000
210000001
220000000
310000000
40000000
10000111
20000110
10001011
10001101
10001110
20001010
20001100
10010101
10011001
10011100
20010100
20011000
10111000
20101000
20110000
21010000
21100000
121000000
400000000
100000111
200000110
100001011
100001101
100001110
200001010
200001100
100010101
100011001
100011100
200010100
200011000
100101001
100110001
100111000
200101000
200110000
101110000
201010000
201100000
210100000
211000000
10210
110110
1010110
1100110
10100110
11000110
101000110
110000110
12010
102010
102100
1011010
1101010
1101100
10101010
10101100
11001010
11001100
101001010
101001100
110001010
110001100
120100
1020100
1021000
10110100
11010100
11011000
101010100
101011000
110010100
110011000
1201000
10201000
10210000
101101000
110101000
110110000
12010000
102010000
102100000
120100000
100120
100210
1000120
1000210
10000120
10000210
100000120
100000210
1001020
1002010
10001020
10002010
100001020
100002010
120010
210010
1020010
2010010
10010020
10020010
20010010
100010020
100020010
200010010
10110010
11010010
101010010
110010010
1200010
2100010
10200010
20100010
100100020
100200010
200100010
101100010
110100010
12000010
21000010
102000010
201000010
120000010
210000010
10010110
10011010
100010110
100011010
100101010
100110010
1001200
1002100
10001200
10002100
100001200
100002100
10010200
10020100
100010200
100020100
1200100
2100100
10200100
20100100
100100200
100200100
200100100
101100100
110100100
12000100
21000100
102000100
201000100
120000100
210000100
100101100
100110100
10012000
10021000
100012000
100021000
100102000
100201000
12001000
21001000
102001000
201001000
120001000
210001000
100120000
100210000
120010000
210010000
10010011
100010011
100100011
100100101
100100110
133
223
232
313
322
331
1033
1123
1132
1213
1222
1231
1303
1312
1321
1330
2023
2032
2113
2122
2131
2203
2212
2221
2230
2302
2311
2320
3013
3022
3031
3103
3112
3121
3130
3202
3211
3220
3301
3310
10033
10123
10132
10213
10222
10231
10303
10312
10321
10330
20023
20032
20113
20122
20131
20203
20212
20221
20230
20302
20311
20320
30013
30022
30031
30103
30112
30121
30130
30202
30211
30220
30301
30310
100033
100123
100132
100213
100222
100231
100303
100312
100321
100330
200023
200032
200113
200122
200131
200203
200212
200221
200230
200302
200311
200320
300013
300022
300031
300103
300112
300121
300130
300202
300211
300220
300301
300310
1000033
1000123
1000132
1000213
1000222
1000231
1000303
1000312
1000321
1000330
2000023
2000032
2000113
2000122
2000131
2000203
2000212
2000221
2000230
2000302
2000311
2000320
3000013
3000022
3000031
3000103
3000112
3000121
3000130
3000202
3000211
3000220
3000301
3000310
10000033
10000123
10000132
10000213
10000222
10000231
10000303
10000312
10000321
10000330
20000023
20000032
20000113
20000122
20000131
20000203
20000212
20000221
20000230
20000302
20000311
20000320
30000013
30000022
30000031
30000103
30000112
30000121
30000130
30000202
30000211
30000220
30000301
30000310
100000033
100000123
100000132
100000213
100000222
100000231
100000303
100000312
100000321
100000330
200000023
200000032
200000113
200000122
200000131
200000203
200000212
200000221
200000230
200000302
200000311
200000320
300000013
300000022
300000031
300000103
300000112
300000121
300000130
300000202
300000211
300000220
300000301
300000310
34
124
214
304
43
142
241
340
403
412
421
430
1042
1141
1240
1402
1411
1420
10402
10411
10420
11023
11032
11113
11122
11131
11203
11212
11221
11230
11302
11311
11320
11401
11410
101023
101032
101113
101122
101131
101203
101212
101221
101230
101302
101311
101320
110023
110032
110113
110122
110131
110203
110212
110221
110230
110302
110311
110320
111013
111022
111031
111103
111112
111121
111130
111202
111211
111220
111301
111310
1010023
1010032
1010113
1010122
1010131
1010203
1010212
1010221
1010230
1010302
1010311
1010320
1100023
1100032
1100113
1100122
1100131
1100203
1100212
1100221
1100230
1100302
1100311
1100320
1110013
1110022
1110031
1110103
1110112
1110121
1110130
1110202
1110211
1110220
1110301
1110310
10100023
10100032
10100113
10100122
10100131
10100203
10100212
10100221
10100230
10100302
10100311
10100320
11000023
11000032
11000113
11000122
11000131
11000203
11000212
11000221
11000230
11000302
11000311
11000320
11100013
11100022
11100031
11100103
11100112
11100121
11100130
11100202
11100211
11100220
11100301
11100310
101000023
101000032
101000113
101000122
101000131
101000203
101000212
101000221
101000230
101000302
101000311
101000320
110000023
110000032
110000113
110000122
110000131
110000203
110000212
110000221
110000230
110000302
110000311
110000320
111000013
111000022
111000031
111000103
111000112
111000121
111000130
111000202
111000211
111000220
111000301
111000310
12013
12022
12031
13003
13012
13021
13030
21013
21022
21031
22003
22012
22021
22030
23002
23011
23020
31003
31012
31021
31030
32002
32011
32020
33001
33010
102013
102022
102031
103003
103012
103021
103030
201013
201022
201031
202003
202012
202021
202030
203002
203011
203020
301003
301012
301021
301030
302002
302011
302020
303001
303010
1001023
1001032
1002013
1002022
1002031
1003003
1003012
1003021
1003030
2001013
2001022
2001031
2002003
2002012
2002021
2002030
2003002
2003011
2003020
3001003
3001012
3001021
3001030
3002002
3002011
3002020
3003001
3003010
10001023
10001032
10002013
10002022
10002031
10003003
10003012
10003021
10003030
20001013
20001022
20001031
20002003
20002012
20002021
20002030
20003002
20003011
20003020
30001003
30001012
30001021
30001030
30002002
30002011
30002020
30003001
30003010
100001023
100001032
100002013
100002022
100002031
100003003
100003012
100003021
100003030
200001013
200001022
200001031
200002003
200002012
200002021
200002030
200003002
200003011
200003020
300001003
300001012
300001021
300001030
300002002
300002011
300002020
300003001
300003010
1024
2014
3004
2041
3040
4003
4012
4021
4030
1114
2104
2140
4102
4111
4120
12103
12112
12121
12130
13102
13111
13120
14002
14011
14020
14101
14110
104002
104011
104020
112003
112012
112021
112030
113002
113011
113020
114001
114010
1011013
1011022
1011031
1012003
1012012
1012021
1012030
1013002
1013011
1013020
1101013
1101022
1101031
1102003
1102012
1102021
1102030
1103002
1103011
1103020
1111003
1111012
1111021
1111030
1112002
1112011
1112020
1113001
1113010
10101013
10101022
10101031
10102003
10102012
10102021
10102030
10103002
10103011
10103020
11001013
11001022
11001031
11002003
11002012
11002021
11002030
11003002
11003011
11003020
11101003
11101012
11101021
11101030
11102002
11102011
11102020
11103001
11103010
101001013
101001022
101001031
101002003
101002012
101002021
101002030
101003002
101003011
101003020
110001013
110001022
110001031
110002003
110002012
110002021
110002030
110003002
110003011
110003020
111001003
111001012
111001021
111001030
111002002
111002011
111002020
111003001
111003010
120013
120022
120031
130003
130012
130021
130030
210013
210022
210031
220003
220012
220021
220030
230002
230011
230020
310003
310012
310021
310030
320002
320011
320020
330001
330010
1020013
1020022
1020031
1030003
1030012
1030021
1030030
2010013
2010022
2010031
2020003
2020012
2020021
2020030
2030002
2030011
2030020
3010003
3010012
3010021
3010030
3020002
3020011
3020020
3030001
3030010
10010023
10010032
10020013
10020022
10020031
10030003
10030012
10030021
10030030
20010013
20010022
20010031
20020003
20020012
20020021
20020030
20030002
20030011
20030020
30010003
30010012
30010021
30010030
30020002
30020011
30020020
30030001
30030010
100010023
100010032
100020013
100020022
100020031
100030003
100030012
100030021
100030030
200010013
200010022
200010031
200020003
200020012
200020021
200020030
200030002
200030011
200030020
300010003
300010012
300010021
300010030
300020002
300020011
300020020
300030001
300030010
10024
20014
30004
10042
20041
30040
40003
40012
40021
40030
10114
10141
20104
20140
11041
11140
21040
21103
21112
21121
21130
31102
31111
31120
40102
40111
40120
41002
41011
41020
41101
41110
121003
121012
121021
121030
131002
131011
131020
140002
140011
140020
141001
141010
1040002
1040011
1040020
1120003
1120012
1120021
1120030
1130002
1130011
1130020
1140001
1140010
10110013
10110022
10110031
10120003
10120012
10120021
10120030
10130002
10130011
10130020
11010013
11010022
11010031
11020003
11020012
11020021
11020030
11030002
11030011
11030020
11110003
11110012
11110021
11110030
11120002
11120011
11120020
11130001
11130010
101010013
101010022
101010031
101020003
101020012
101020021
101020030
101030002
101030011
101030020
110010013
110010022
110010031
110020003
110020012
110020021
110020030
110030002
110030011
110030020
111010003
111010012
111010021
111010030
111020002
111020011
111020020
111030001
111030010
1200013
1200022
1200031
1300003
1300012
1300021
1300030
2100013
2100022
2100031
2200003
2200012
2200021
2200030
2300002
2300011
2300020
3100003
3100012
3100021
3100030
3200002
3200011
3200020
3300001
3300010
10200013
10200022
10200031
10300003
10300012
10300021
10300030
20100013
20100022
20100031
20200003
20200012
20200021
20200030
20300002
20300011
20300020
30100003
30100012
30100021
30100030
30200002
30200011
30200020
30300001
30300010
100100023
100100032
100200013
100200022
100200031
100300003
100300012
100300021
100300030
200100013
200100022
200100031
200200003
200200012
200200021
200200030
200300002
200300011
200300020
300100003
300100012
300100021
300100030
300200002
300200011
300200020
300300001
300300010
100024
200014
300004
100042
200041
300040
400003
400012
400021
400030
100114
100141
200104
200140
101041
101140
201040
201103
201112
201121
201130
301102
301111
301120
210103
210112
210121
210130
211003
211012
211021
211030
211102
211111
211120
310102
310111
310120
311002
311011
311020
311101
311110
401002
401011
401020
410002
410011
410020
411001
411010
1210003
1210012
1210021
1210030
1310002
1310011
1310020
1400002
1400011
1400020
1410001
1410010
10400002
10400011
10400020
11200003
11200012
11200021
11200030
11300002
11300011
11300020
11400001
11400010
101100013
101100022
101100031
101200003
101200012
101200021
101200030
101300002
101300011
101300020
110100013
110100022
110100031
110200003
110200012
110200021
110200030
110300002
110300011
110300020
111100003
111100012
111100021
111100030
111200002
111200011
111200020
111300001
111300010
12000013
12000022
12000031
13000003
13000012
13000021
13000030
21000013
21000022
21000031
22000003
22000012
22000021
22000030
23000002
23000011
23000020
31000003
31000012
31000021
31000030
32000002
32000011
32000020
33000001
33000010
102000013
102000022
102000031
103000003
103000012
103000021
103000030
201000013
201000022
201000031
202000003
202000012
202000021
202000030
203000002
203000011
203000020
301000003
301000012
301000021
301000030
302000002
302000011
302000020
303000001
303000010
1000024
2000014
3000004
1000042
2000041
3000040
4000003
4000012
4000021
4000030
1000114
1000141
2000104
2000140
1001041
1001113
1001122
1001131
1001140
2001040
2001103
2001112
2001121
2001130
3001102
3001111
3001120
1011103
1011112
1011121
1011130
2010103
2010112
2010121
2010130
2011003
2011012
2011021
2011030
2011102
2011111
2011120
3010102
3010111
3010120
3011002
3011011
3011020
3011101
3011110
2101003
2101012
2101021
2101030
2110003
2110012
2110021
2110030
2111002
2111011
2111020
3101002
3101011
3101020
3110002
3110011
3110020
3111001
3111010
4010002
4010011
4010020
4100002
4100011
4100020
4110001
4110010
12100003
12100012
12100021
12100030
13100002
13100011
13100020
14000002
14000011
14000020
14100001
14100010
104000002
104000011
104000020
112000003
112000012
112000021
112000030
113000002
113000011
113000020
114000001
114000010
120000013
120000022
120000031
130000003
130000012
130000021
130000030
210000013
210000022
210000031
220000003
220000012
220000021
220000030
230000002
230000011
230000020
310000003
310000012
310000021
310000030
320000002
320000011
320000020
330000001
330000010
10000024
20000014
30000004
10000042
20000041
30000040
40000003
40000012
40000021
40000030
10000114
10000141
20000104
20000140
10001041
10001113
10001122
10001131
10001140
20001040
20001103
20001112
20001121
20001130
30001102
30001111
30001120
10010113
10010122
10010131
10011013
10011022
10011031
10011103
10011112
10011121
10011130
20010103
20010112
20010121
20010130
20011003
20011012
20011021
20011030
20011102
20011111
20011120
30010102
30010111
30010120
30011002
30011011
30011020
30011101
30011110
10111003
10111012
10111021
10111030
20101003
20101012
20101021
20101030
20110003
20110012
20110021
20110030
20111002
20111011
20111020
30101002
30101011
30101020
30110002
30110011
30110020
30111001
30111010
21010003
21010012
21010021
21010030
21100003
21100012
21100021
21100030
21110002
21110011
21110020
31010002
31010011
31010020
31100002
31100011
31100020
31110001
31110010
40100002
40100011
40100020
41000002
41000011
41000020
41100001
41100010
121000003
121000012
121000021
121000030
131000002
131000011
131000020
140000002
140000011
140000020
141000001
141000010
100000024
200000014
300000004
100000042
200000041
300000040
400000003
400000012
400000021
400000030
100000114
100000141
200000104
200000140
100001041
100001113
100001122
100001131
100001140
200001040
200001103
200001112
200001121
200001130
300001102
300001111
300001120
100010113
100010122
100010131
100011013
100011022
100011031
100011103
100011112
100011121
100011130
200010103
200010112
200010121
200010130
200011003
200011012
200011021
200011030
200011102
200011111
200011120
300010102
300010111
300010120
300011002
300011011
300011020
300011101
300011110
100101013
100101022
100101031
100110013
100110022
100110031
100111003
100111012
100111021
100111030
200101003
200101012
200101021
200101030
200110003
200110012
200110021
200110030
200111002
200111011
200111020
300101002
300101011
300101020
300110002
300110011
300110020
300111001
300111010
101110003
101110012
101110021
101110030
201010003
201010012
201010021
201010030
201100003
201100012
201100021
201100030
201110002
201110011
201110020
301010002
301010011
301010020
301100002
301100011
301100020
301110001
301110010
210100003
210100012
210100021
210100030
211000003
211000012
211000021
211000030
211100002
211100011
211100020
310100002
310100011
310100020
311000002
311000011
311000020
311100001
311100010
401000002
401000011
401000020
410000002
410000011
410000020
411000001
411000010
11014
11104
101014
110014
111004
1010014
1100014
1110004
10100014
11000014
11100004
101000014
110000014
111000004
110041
111040
1010041
1100041
1110040
10100041
11000041
11100040
101000041
110000041
111000040
1204
10204
10240
101104
110104
110140
1010104
1010140
1100104
1100140
10100104
10100140
11000104
11000140
101000104
101000140
110000104
110000140
12040
12202
12211
12220
102040
102103
102112
102121
102130
112102
112111
112120
1011040
1101040
1101103
1101112
1101121
1101130
1111102
1111111
1111120
10101040
10101103
10101112
10101121
10101130
11001040
11001103
11001112
11001121
11001130
11101102
11101111
11101120
101001040
101001103
101001112
101001121
101001130
110001040
110001103
110001112
110001121
110001130
111001102
111001111
111001120
22102
22111
22120
120103
120112
120121
120130
121102
121111
121120
122002
122011
122020
122101
122110
1020103
1020112
1020121
1020130
1021003
1021012
1021021
1021030
1021102
1021111
1021120
1120102
1120111
1120120
1121002
1121011
1121020
1121101
1121110
10110103
10110112
10110121
10110130
10111102
10111111
10111120
11010103
11010112
11010121
11010130
11011003
11011012
11011021
11011030
11011102
11011111
11011120
11110102
11110111
11110120
11111002
11111011
11111020
11111101
11111110
101010103
101010112
101010121
101010130
101011003
101011012
101011021
101011030
101011102
101011111
101011120
110010103
110010112
110010121
110010130
110011003
110011012
110011021
110011030
110011102
110011111
110011120
111010102
111010111
111010120
111011002
111011011
111011020
111011101
111011110
21202
21211
21220
22201
22210
221002
221011
221020
1201003
1201012
1201021
1201030
1211002
1211011
1211020
1220002
1220011
1220020
1221001
1221010
10201003
10201012
10201021
10201030
10210003
10210012
10210021
10210030
10211002
10211011
10211020
11201002
11201011
11201020
11210002
11210011
11210020
11211001
11211010
101101003
101101012
101101021
101101030
101111002
101111011
101111020
110101003
110101012
110101021
110101030
110110003
110110012
110110021
110110030
110111002
110111011
110111020
111101002
111101011
111101020
111110002
111110011
111110020
111111001
111111010
212002
212011
212020
222001
222010
2210002
2210011
2210020
12010003
12010012
12010021
12010030
12110002
12110011
12110020
12200002
12200011
12200020
12210001
12210010
102010003
102010012
102010021
102010030
102100003
102100012
102100021
102100030
102110002
102110011
102110020
112010002
112010011
112010020
112100002
112100011
112100020
112110001
112110010
2120002
2120011
2120020
2220001
2220010
22100002
22100011
22100020
120100003
120100012
120100021
120100030
121100002
121100011
121100020
122000002
122000011
122000020
122100001
122100010
21200002
21200011
21200020
22200001
22200010
212000002
212000011
212000020
221000002
221000011
221000020
222000001
222000010
12301
13201
13300
21301
22300
23101
23200
31201
31300
32101
32200
33100
102202
102301
103102
103201
103300
201202
201301
202102
202201
202300
203101
203200
301201
301300
302101
302200
303100
1001203
1001302
1002103
1002202
1002301
1003102
1003201
1003300
2001202
2001301
2002102
2002201
2002300
2003101
2003200
3001201
3001300
3002101
3002200
3003100
10001203
10001302
10002103
10002202
10002301
10003102
10003201
10003300
20001202
20001301
20002102
20002201
20002300
20003101
20003200
30001201
30001300
30002101
30002200
30003100
100001203
100001302
100002103
100002202
100002301
100003102
100003201
100003300
200001202
200001301
200002102
200002201
200002300
200003101
200003200
300001201
300001300
300002101
300002200
300003100
2401
3400
4201
4300
2410
4210
12400
14200
104101
104200
112201
112300
113101
113200
114100
1011202
1011301
1012102
1012201
1012300
1013101
1013200
1101202
1101301
1102102
1102201
1102300
1103101
1103200
1111201
1111300
1112101
1112200
1113100
10101202
10101301
10102102
10102201
10102300
10103101
10103200
11001202
11001301
11002102
11002201
11002300
11003101
11003200
11101201
11101300
11102101
11102200
11103100
101001202
101001301
101002102
101002201
101002300
101003101
101003200
110001202
110001301
110002102
110002201
110002300
110003101
110003200
111001201
111001300
111002101
111002200
111003100
120202
120301
130102
130201
130300
210202
210301
220102
220201
220300
230101
230200
310201
310300
320101
320200
330100
1020202
1020301
1030102
1030201
1030300
2010202
2010301
2020102
2020201
2020300
2030101
2030200
3010201
3010300
3020101
3020200
3030100
10010203
10010302
10020103
10020202
10020301
10030102
10030201
10030300
20010202
20010301
20020102
20020201
20020300
20030101
20030200
30010201
30010300
30020101
30020200
30030100
100010203
100010302
100020103
100020202
100020301
100030102
100030201
100030300
200010202
200010301
200020102
200020201
200020300
200030101
200030200
300010201
300010300
300020101
300020200
300030100
20401
30400
40201
40300
20410
21310
21400
31210
41200
121201
121300
131101
131200
140101
140200
141100
1040101
1040200
1120201
1120300
1130101
1130200
1140100
10110202
10110301
10120102
10120201
10120300
10130101
10130200
11010202
11010301
11020102
11020201
11020300
11030101
11030200
11110201
11110300
11120101
11120200
11130100
101010202
101010301
101020102
101020201
101020300
101030101
101030200
110010202
110010301
110020102
110020201
110020300
110030101
110030200
111010201
111010300
111020101
111020200
111030100
1200103
1200202
1200301
1300102
1300201
1300300
2100103
2100202
2100301
2200102
2200201
2200300
2300101
2300200
3100102
3100201
3100300
3200101
3200200
3300100
10200103
10200202
10200301
10300102
10300201
10300300
20100103
20100202
20100301
20200102
20200201
20200300
20300101
20300200
30100102
30100201
30100300
30200101
30200200
30300100
100100203
100100302
100200103
100200202
100200301
100300102
100300201
100300300
200100103
200100202
200100301
200200102
200200201
200200300
200300101
200300200
300100102
300100201
300100300
300200101
300200200
300300100
100204
100402
200401
300400
400102
400201
400300
100411
200410
101401
101410
201211
201310
201400
301210
110401
111400
210400
211201
211300
311200
401101
401200
410101
410200
411100
1210102
1210201
1210300
1310101
1310200
1400101
1400200
1410100
10400101
10400200
11200102
11200201
11200300
11300101
11300200
11400100
101100103
101100202
101100301
101200102
101200201
101200300
101300101
101300200
110100103
110100202
110100301
110200102
110200201
110200300
110300101
110300200
111100102
111100201
111100300
111200101
111200200
111300100
12000103
12000202
12000301
13000102
13000201
13000300
21000103
21000202
21000301
22000102
22000201
22000300
23000101
23000200
31000102
31000201
31000300
32000101
32000200
33000100
102000103
102000202
102000301
103000102
103000201
103000300
201000103
201000202
201000301
202000102
202000201
202000300
203000101
203000200
301000102
301000201
301000300
302000101
302000200
303000100
1000204
1000402
2000401
3000400
4000102
4000201
4000300
1000411
2000410
1001212
1001311
1001401
1001410
2001211
2001310
2001400
3001210
1010401
1011400
2010400
2011201
2011300
3011200
2101102
2101201
2101300
2110102
2110201
2110300
2111101
2111200
3101101
3101200
3110101
3110200
3111100
4010101
4010200
4100101
4100200
4110100
12100102
12100201
12100300
13100101
13100200
14000101
14000200
14100100
104000101
104000200
112000102
112000201
112000300
113000101
113000200
114000100
120000103
120000202
120000301
130000102
130000201
130000300
210000103
210000202
210000301
220000102
220000201
220000300
230000101
230000200
310000102
310000201
310000300
320000101
320000200
330000100
10000204
10000402
20000401
30000400
40000102
40000201
40000300
10000411
20000410
10001212
10001311
10001401
10001410
20001211
20001310
20001400
30001210
10010401
10011202
10011301
10011400
20010400
20011201
20011300
30011200
10111201
10111300
20101102
20101201
20101300
20110102
20110201
20110300
20111101
20111200
30101101
30101200
30110101
30110200
30111100
21010102
21010201
21010300
21100102
21100201
21100300
21110101
21110200
31010101
31010200
31100101
31100200
31110100
40100101
40100200
41000101
41000200
41100100
121000102
121000201
121000300
131000101
131000200
140000101
140000200
141000100
100000204
100000402
200000401
300000400
400000102
400000201
400000300
100000411
200000410
100001212
100001311
100001401
100001410
200001211
200001310
200001400
300001210
100010401
100011202
100011301
100011400
200010400
200011201
200011300
300011200
100101103
100101202
100101301
100110103
100110202
100110301
100111102
100111201
100111300
200101102
200101201
200101300
200110102
200110201
200110300
200111101
200111200
300101101
300101200
300110101
300110200
300111100
101110102
101110201
101110300
201010102
201010201
201010300
201100102
201100201
201100300
201110101
201110200
301010101
301010200
301100101
301100200
301110100
210100102
210100201
210100300
211000102
211000201
211000300
211100101
211100200
310100101
310100200
311000101
311000200
311100100
401000101
401000200
410000101
410000200
411000100
1100401
1110400
10100401
11000401
11100400
101000401
110000401
111000400
110410
1010410
1100410
10100410
11000410
101000410
110000410
12310
102211
102310
102400
112210
1011211
1011310
1101211
1101310
1101400
1111210
10101211
10101310
10101400
11001211
11001310
11001400
11101210
101001211
101001310
101001400
110001211
110001310
110001400
111001210
120400
122200
1020400
1021201
1021300
1121200
10110400
11010400
11011201
11011300
11111200
101010400
101011201
101011300
110010400
110011201
110011300
111011200
221101
221200
1201102
1201201
1201300
1211101
1211200
1220101
1220200
1221100
10201102
10201201
10201300
10210102
10210201
10210300
10211101
10211200
11201101
11201200
11210101
11210200
11211100
101101102
101101201
101101300
101111101
101111200
110101102
110101201
110101300
110110102
110110201
110110300
110111101
110111200
111101101
111101200
111110101
111110200
111111100
212101
212200
222100
2210101
2210200
12010102
12010201
12010300
12110101
12110200
12200101
12200200
12210100
102010102
102010201
102010300
102100102
102100201
102100300
102110101
102110200
112010101
112010200
112100101
112100200
112110100
2120101
2120200
2220100
22100101
22100200
120100102
120100201
120100300
121100101
121100200
122000101
122000200
122100100
21200101
21200200
22200100
212000101
212000200
221000101
221000200
222000100
123001
132001
133000
213001
223000
231001
232000
312001
313000
321001
322000
331000
1022002
1023001
1031002
1032001
1033000
2012002
2013001
2021002
2022001
2023000
2031001
2032000
3012001
3013000
3021001
3022000
3031000
10012003
10013002
10021003
10022002
10023001
10031002
10032001
10033000
20012002
20013001
20021002
20022001
20023000
20031001
20032000
30012001
30013000
30021001
30022000
30031000
100012003
100013002
100021003
100022002
100023001
100031002
100032001
100033000
200012002
200013001
200021002
200022001
200023000
200031001
200032000
300012001
300013000
300021001
300022000
300031000
12004
21004
24001
34000
42001
43000
23110
32110
24010
24100
42100
124000
142000
1041001
1042000
1122001
1123000
1131001
1132000
1141000
10112002
10113001
10121002
10122001
10123000
10131001
10132000
11012002
11013001
11021002
11022001
11023000
11031001
11032000
11112001
11113000
11121001
11122000
11131000
101012002
101013001
101021002
101022001
101023000
101031001
101032000
110012002
110013001
110021002
110022001
110023000
110031001
110032000
111012001
111013000
111021001
111022000
111031000
1202002
1203001
1301002
1302001
1303000
2102002
2103001
2201002
2202001
2203000
2301001
2302000
3102001
3103000
3201001
3202000
3301000
10202002
10203001
10301002
10302001
10303000
20102002
20103001
20201002
20202001
20203000
20301001
20302000
30102001
30103000
30201001
30202000
30301000
100102003
100103002
100201003
100202002
100203001
100301002
100302001
100303000
200102002
200103001
200201002
200202001
200203000
200301001
200302000
300102001
300103000
300201001
300202000
300301000
102004
201004
204001
304000
402001
403000
103111
202111
203110
302110
104110
204010
204100
213100
214000
312100
412000
1212001
1213000
1311001
1312000
1401001
1402000
1411000
10401001
10402000
11202001
11203000
11301001
11302000
11401000
101102002
101103001
101201002
101202001
101203000
101301001
101302000
110102002
110103001
110201002
110202001
110203000
110301001
110302000
111102001
111103000
111201001
111202000
111301000
12001003
12002002
12003001
13001002
13002001
13003000
21001003
21002002
21003001
22001002
22002001
22003000
23001001
23002000
31001002
31002001
31003000
32001001
32002000
33001000
102001003
102002002
102003001
103001002
103002001
103003000
201001003
201002002
201003001
202001002
202002001
202003000
203001001
203002000
301001002
301002001
301003000
302001001
302002000
303001000
1002004
2001004
1004002
2004001
3004000
4001002
4002001
4003000
1001014
1001104
1002112
1003111
2002111
2003110
3002110
1004011
1004101
1004110
2004010
2004100
1014001
1014100
2012101
2013100
2014000
3012100
1104001
1114000
2104000
2112001
2113000
3112000
4011001
4012000
4101001
4102000
4111000
12101002
12102001
12103000
13101001
13102000
14001001
14002000
14101000
104001001
104002000
112001002
112002001
112003000
113001001
113002000
114001000
120001003
120002002
120003001
130001002
130002001
130003000
210001003
210002002
210003001
220001002
220002001
220003000
230001001
230002000
310001002
310002001
310003000
320001001
320002000
330001000
10002004
20001004
10004002
20004001
30004000
40001002
40002001
40003000
10001014
10001104
10002112
10003111
20002111
20003110
30002110
10004011
10004101
10004110
20004010
20004100
10012102
10013101
10014001
10014100
20012101
20013100
20014000
30012100
10104001
10114000
20104000
20112001
20113000
30112000
21011002
21012001
21013000
21101002
21102001
21103000
21111001
21112000
31011001
31012000
31101001
31102000
31111000
40101001
40102000
41001001
41002000
41101000
121001002
121002001
121003000
131001001
131002000
140001001
140002000
141001000
100002004
200001004
100004002
200004001
300004000
400001002
400002001
400003000
100001014
100001104
100002112
100003111
200002111
200003110
300002110
100004011
100004101
100004110
200004010
200004100
100012102
100013101
100014001
100014100
200012101
200013100
200014000
300012100
100104001
100112002
100113001
100114000
200104000
200112001
200113000
300112000
101112001
101113000
201011002
201012001
201013000
201101002
201102001
201103000
201111001
201112000
301011001
301012000
301101001
301102000
301111000
210101002
210102001
210103000
211001002
211002001
211003000
211101001
211102000
310101001
310102000
311001001
311002000
311101000
401001001
401002000
410001001
410002000
411001000
1011004
1101004
10101004
11001004
101001004
110001004
11004001
11104000
101004001
110004001
111004000
13210
113110
1012111
1013110
1102111
1103110
1112110
10102111
10103110
11002111
11003110
11102110
101002111
101003110
110002111
110003110
111002110
1014010
1104010
1104100
10104010
10104100
11004010
11004100
101004010
101004100
110004010
110004100
123100
1022101
1023100
1024000
1122100
10112101
10113100
11012101
11013100
11014000
11112100
101012101
101013100
101014000
110012101
110013100
110014000
111012100
1204000
1222000
10204000
10212001
10213000
11212000
101104000
110104000
110112001
110113000
111112000
2211001
2212000
12011002
12012001
12013000
12111001
12112000
12201001
12202000
12211000
102011002
102012001
102013000
102101002
102102001
102103000
102111001
102112000
112011001
112012000
112101001
112102000
112111000
2121001
2122000
2221000
22101001
22102000
120101002
120102001
120103000
121101001
121102000
122001001
122002000
122101000
21201001
21202000
22201000
212001001
212002000
221001001
221002000
222001000
1230001
1320001
1330000
2130001
2230000
2310001
2320000
3120001
3130000
3210001
3220000
3310000
10220002
10230001
10310002
10320001
10330000
20120002
20130001
20210002
20220001
20230000
20310001
20320000
30120001
30130000
30210001
30220000
30310000
100120003
100130002
100210003
100220002
100230001
100310002
100320001
100330000
200120002
200130001
200210002
200220001
200230000
200310001
200320000
300120001
300130000
300210001
300220000
300310000
120004
210004
240001
340000
420001
430000
130111
220111
230110
320110
131110
221110
231010
231100
321010
321100
240100
241000
421000
1240000
1420000
10410001
10420000
11220001
11230000
11310001
11320000
11410000
101120002
101130001
101210002
101220001
101230000
101310001
101320000
110120002
110130001
110210002
110220001
110230000
110310001
110320000
111120001
111130000
111210001
111220000
111310000
12020002
12030001
13010002
13020001
13030000
21020002
21030001
22010002
22020001
22030000
23010001
23020000
31020001
31030000
32010001
32020000
33010000
102020002
102030001
103010002
103020001
103030000
201020002
201030001
202010002
202020001
202030000
203010001
203020000
301020001
301030000
302010001
302020000
303010000
1020004
2010004
2040001
3040000
4020001
4030000
1030111
2020111
2030110
3020110
1031011
1031101
1031110
2021011
2021101
2021110
2031010
2031100
3021010
3021100
1041100
2040100
2041000
2131000
2140000
3121000
4120000
12120001
12130000
13110001
13120000
14010001
14020000
14110000
104010001
104020000
112020001
112030000
113010001
113020000
114010000
120010003
120020002
120030001
130010002
130020001
130030000
210010003
210020002
210030001
220010002
220020001
220030000
230010001
230020000
310010002
310020001
310030000
320010001
320020000
330010000
10020004
20010004
10040002
20040001
30040000
40010002
40020001
40030000
10010014
10010104
10020112
10030111
20020111
20030110
30020110
10021012
10021102
10021111
10031011
10031101
10031110
20021011
20021101
20021110
20031010
20031100
30021010
30021100
10040101
10041001
10041100
20040100
20041000
10140001
10141000
20121001
20131000
20140000
30121000
11040001
11140000
21040000
21120001
21130000
31120000
40110001
40120000
41010001
41020000
41110000
121010002
121020001
121030000
131010001
131020000
140010001
140020000
141010000
100020004
200010004
100040002
200040001
300040000
400010002
400020001
400030000
100010014
100010104
100020112
100030111
200020111
200030110
300020110
100021012
100021102
100021111
100031011
100031101
100031110
200021011
200021101
200021110
200031010
200031100
300021010
300021100
100040101
100041001
100041100
200040100
200041000
100121002
100131001
100140001
100141000
200121001
200131000
200140000
300121000
101040001
101140000
201040000
201120001
201130000
301120000
210110002
210120001
210130000
211010002
211020001
211030000
211110001
211120000
310110001
310120000
311010001
311020000
311110000
401010001
401020000
410010001
410020000
411010000
10110004
11010004
101010004
110010004
110040001
111040000
40210
140110
1040110
1130110
10120111
10130110
11020111
11030110
11120110
101020111
101030110
110020111
110030110
111020110
42010
132010
132100
1041010
1131010
1131100
10121011
10121101
10121110
10131010
10131100
11021011
11021101
11021110
11031010
11031100
11121010
11121100
101021011
101021101
101021110
101031010
101031100
110021011
110021101
110021110
110031010
110031100
111021010
111021100
10140100
11040100
11041000
101040100
101041000
110040100
110041000
1231000
10221001
10231000
10240000
11221000
101121001
101131000
110121001
110131000
110140000
111121000
12040000
12220000
102040000
102120001
102130000
112120000
22110001
22120000
120110002
120120001
120130000
121110001
121120000
122010001
122020000
122110000
21210001
21220000
22210000
212010001
212020000
221010001
221020000
222010000
12300001
13200001
13300000
21300001
22300000
23100001
23200000
31200001
31300000
32100001
32200000
33100000
102200002
102300001
103100002
103200001
103300000
201200002
201300001
202100002
202200001
202300000
203100001
203200000
301200001
301300000
302100001
302200000
303100000
1200004
2100004
2400001
3400000
4200001
4300000
1200112
1300111
2100112
2200111
2300110
3100111
3200110
1201111
1301011
1301101
1301110
2101111
2201011
2201101
2201110
2301010
2301100
3101110
3201010
3201100
1311100
2211100
2310100
2311000
3210100
3211000
2401000
2410000
4210000
12400000
14200000
104100001
104200000
112200001
112300000
113100001
113200000
114100000
120200002
120300001
130100002
130200001
130300000
210200002
210300001
220100002
220200001
220300000
230100001
230200000
310200001
310300000
320100001
320200000
330100000
10200004
20100004
20400001
30400000
40200001
40300000
10200112
10300111
20100112
20200111
20300110
30100111
30200110
10201111
10301011
10301101
10301110
20101111
20201011
20201101
20201110
20301010
20301100
30101110
30201010
30201100
10310101
10311001
10311100
20210101
20211001
20211100
20310100
20311000
30210100
30211000
10411000
20401000
20410000
21310000
21400000
31210000
41200000
121200001
121300000
131100001
131200000
140100001
140200000
141100000
100200004
200100004
100400002
200400001
300400000
400100002
400200001
400300000
100100014
100100104
100100113
100200112
100300111
200100112
200200111
200300110
300100111
300200110
100101112
100201012
100201102
100201111
100301011
100301101
100301110
200101111
200201011
200201101
200201110
200301010
200301100
300101110
300201010
300201100
100210102
100211002
100211101
100310101
100311001
100311100
200210101
200211001
200211100
200310100
200311000
300210100
300211000
100401001
100410001
100411000
200401000
200410000
101400001
101410000
201210001
201310000
201400000
301210000
110400001
111400000
210400000
211200001
211300000
311200000
401100001
401200000
410100001
410200000
411100000
101100004
110100004
400111
401110
201220
210211
211210
310210
410110
1210111
1310110
1400110
10400110
11200111
11300110
101100112
101200111
101300110
110100112
110200111
110300110
111100111
111200110
202210
212110
312010
402010
402100
1211110
1311010
1401010
1401100
10401010
10401100
11201110
11301010
11301100
101101111
101201011
101201101
101201110
101301010
101301100
110101111
110201011
110201101
110201110
110301010
110301100
111101110
111201010
111201100
102220
202120
420100
1320100
1321000
10410100
11310100
11311000
101210101
101211001
101211100
101310100
101311000
110210101
110211001
110211100
110310100
110311000
111210100
111211000
101401000
110401000
110410000
12310000
102210001
102310000
102400000
112210000
120400000
122200000
212100001
212200000
221100001
221200000
222100000
123000001
132000001
133000000
213000001
223000000
231000001
232000000
312000001
313000000
321000001
322000000
331000000
12000004
21000004
24000001
34000000
42000001
43000000
12000112
13000111
21000112
22000111
23000110
31000111
32000110
12001012
12001102
12001111
13001011
13001101
13001110
21001012
21001102
21001111
22001011
22001101
22001110
23001010
23001100
31001011
31001101
31001110
32001010
32001100
12011101
13010101
13011001
13011100
21011101
22010101
22011001
22011100
23010100
23011000
31011100
32010100
32011000
13111000
22111000
23101000
23110000
32101000
32110000
24010000
24100000
42100000
124000000
142000000
102000004
201000004
204000001
304000000
402000001
403000000
102000112
103000111
201000112
202000111
203000110
301000111
302000110
102001012
102001102
102001111
103001011
103001101
103001110
201001012
201001102
201001111
202001011
202001101
202001110
203001010
203001100
301001011
301001101
301001110
302001010
302001100
102011101
103010101
103011001
103011100
201011101
202010101
202011001
202011100
203010100
203011000
301011100
302010100
302011000
103101001
103110001
103111000
202101001
202110001
202111000
203101000
203110000
302101000
302110000
104110000
204010000
204100000
213100000
214000000
312100000
412000000
4000111
4001011
4001101
4001110
4011100
1001221
2001220
2010211
2011210
3010210
2110111
2111110
3110110
4010110
4100110
12100111
13100110
14000110
104000110
112000111
113000110
1002211
1012210
2002210
2012011
2012110
2012200
3012010
2102011
2102101
2102110
2112010
2112100
3102010
3102100
4011010
4101010
4101100
12101011
12101101
12101110
13101010
13101100
14001010
14001100
104001010
104001100
112001011
112001101
112001110
113001010
113001100
1002121
1002220
2002120
2022100
2121100
3120100
4020100
4021000
12111100
13110100
14010100
14011000
104010100
104011000
112011100
113010100
113011000
1022200
2021200
4201000
13201000
13210000
104101000
113101000
113110000
123100000
120000004
210000004
240000001
340000000
420000001
430000000
120000112
130000111
210000112
220000111
230000110
310000111
320000110
120001012
120001102
120001111
130001011
130001101
130001110
210001012
210001102
210001111
220001011
220001101
220001110
230001010
230001100
310001011
310001101
310001110
320001010
320001100
120010102
120011002
120011101
130010101
130011001
130011100
210010102
210011002
210011101
220010101
220011001
220011100
230010100
230011000
310010101
310011001
310011100
320010100
320011000
120111001
130101001
130110001
130111000
210111001
220101001
220110001
220111000
230101000
230110000
310111000
320101000
320110000
131110000
221110000
231010000
231100000
321010000
321100000
240100000
241000000
421000000
10011004
40000111
40001011
40001101
40001110
40010101
40011001
40011100
40111000
10001221
20001220
10010212
10011211
20010211
20011210
30010210
20110111
20111110
30110110
21010111
21100111
21110110
31010110
31100110
40100110
41000110
121000111
131000110
140000110
10002211
10012012
10012111
10012201
10012210
20002210
20012011
20012110
20012200
30012010
10112011
10112110
20102011
20102101
20102110
20112010
20112100
30102010
30102100
21011011
21011110
21101011
21101101
21101110
21111010
21111100
31011010
31101010
31101100
40101010
40101100
41001010
41001100
121001011
121001101
121001110
131001010
131001100
140001010
140001100
10002121
10002220
20002120
10022101
10122100
20022100
20120101
20121100
20122000
30120100
21020101
21021001
21021100
21120100
21121000
31020100
31021000
40110100
41010100
41011000
121010101
121011001
121011100
131010100
131011000
140010100
140011000
10021201
10022200
20021200
20221000
21211000
31201000
40201000
40210000
121111000
131101000
140101000
140110000
10222000
20212000
42010000
132010000
132100000
100011004
100101004
100110004
400000111
400001011
400001101
400001110
400010101
400011001
400011100
400101001
400110001
400111000
401110000
100001221
200001220
100010212
100011211
200010211
200011210
300010210
100110112
100111111
200110111
200111110
300110110
101110111
201010111
201100111
201110110
301010110
301100110
210100111
211000111
211100110
310100110
311000110
401000110
410000110
100002211
100012012
100012111
100012201
100012210
200002210
200012011
200012110
200012200
300012010
100102012
100102102
100102111
100112011
100112101
100112110
200102011
200102101
200102110
200112010
200112100
300102010
300102100
101111110
201011011
201011110
201101011
201101101
201101110
201111010
201111100
301011010
301101010
301101100
210101011
210101101
210101110
211001011
211001101
211001110
211101010
211101100
310101010
310101100
311001010
311001100
401001010
401001100
410001010
410001100
100002121
100002220
200002120
100022101
100120102
100121101
100122001
100122100
200022100
200120101
200121100
200122000
300120100
101120101
101121100
201020101
201021001
201021100
201120100
201121000
301020100
301021000
210110101
210111100
211010101
211011001
211011100
211110100
211111000
310110100
311010100
311011000
401010100
401011000
410010100
410011000
100021201
100022200
200021200
100221001
101221000
200221000
201201001
201211000
201220000
301201000
210201001
210210001
210211000
211201000
211210000
310201000
310210000
401101000
410101000
410110000
100212001
100222000
200212000
202210000
212110000
312010000
402010000
402100000
102220000
202120000
420100000
1011220
1101220
10101220
11001220
101001220
110001220
120211
121210
1020211
1021210
1120210
10110211
10111210
11010211
11011210
11110210
101010211
101011210
110010211
110011210
111010210
1220110
10210111
10211110
11210110
110110111
110111110
111110110
2210110
12010111
12110110
12200110
102010111
102100111
102110110
112010110
112100110
2120110
22100110
120100111
121100110
122000110
21200110
212000110
221000110
103210
123010
1022011
1022110
1102210
1122010
10102210
10112200
11002210
11012011
11012110
11012200
11112010
101002210
101012011
101012110
101012200
110002210
110012011
110012110
110012200
111012010
1202011
1202101
1202110
1212010
1212100
10202011
10202101
10202110
10212010
10212100
11202010
11202100
101102011
101102101
101102110
101112010
101112100
110102011
110102101
110102110
110112010
110112100
111102010
111102100
103120
213010
2211010
12011011
12011110
12111010
12201010
12201100
102011011
102011110
102101011
102101101
102101110
102111010
102111100
112011010
112101010
112101100
1012120
1102120
2121010
22101010
22101100
120101011
120101101
120101110
121101010
121101100
122001010
122001100
10102120
11002120
21201010
21201100
101002120
110002120
212001010
212001100
221001010
221001100
1032100
1230100
10220101
10221100
11022100
11220100
101022100
101122000
110022100
110120101
110121100
110122000
111120100
12020101
12021001
12021100
12120100
12121000
102020101
102021001
102021100
102120100
102121000
112020100
112021000
1031200
2130100
22110100
120110101
120111100
121110100
122010100
122011000
10121200
11021200
21210100
101021200
110021200
212010100
212011000
221010100
221011000
10321000
12301000
102201001
102211000
110221000
112201000
120201001
120210001
120211000
121201000
121210000
10312000
21301000
101212000
110212000
212101000
221101000
103210000
123010000
103120000
213010000
1001230
1001320
1002130
1002310
1003120
1003210
10001230
10001320
10002130
10002310
10003120
10003210
100001230
100001320
100002130
100002310
100003120
100003210
120220
120310
130120
130210
210220
210310
220120
220210
1020220
1020310
1030120
1030210
2010220
2010310
2020120
2020210
10010230
10010320
10020130
10020220
10020310
10030120
10030210
20010220
20010310
20020120
20020210
100010230
100010320
100020130
100020220
100020310
100030120
100030210
200010220
200010310
200020120
200020210
10110220
10110310
10120120
10120210
11010220
11010310
11020120
11020210
101010220
101010310
101020120
101020210
110010220
110010310
110020120
110020210
1200130
1200220
1200310
1300120
1300210
2100130
2100220
2100310
2200120
2200210
3100120
3100210
10200130
10200220
10200310
10300120
10300210
20100130
20100220
20100310
20200120
20200210
30100120
30100210
100100230
100100320
100200130
100200220
100200310
100300120
100300210
200100130
200100220
200100310
200200120
200200210
300100120
300100210
100240
100420
400120
400210
1210120
1210210
11200120
11200210
101100130
101100220
101100310
101200120
101200210
110100130
110100220
110100310
110200120
110200210
111100120
111100210
12000130
12000220
12000310
13000120
13000210
21000130
21000220
21000310
22000120
22000210
31000120
31000210
102000130
102000220
102000310
103000120
103000210
201000130
201000220
201000310
202000120
202000210
301000120
301000210
1000240
1000420
4000120
4000210
2101120
2101210
2110120
2110210
12100120
12100210
112000120
112000210
120000130
120000220
120000310
130000120
130000210
210000130
210000220
210000310
220000120
220000210
310000120
310000210
10000240
10000420
40000120
40000210
10010410
10011220
10011310
20101120
20101210
20110120
20110210
21010120
21010210
21100120
21100210
121000120
121000210
100000240
100000420
400000120
400000210
100010410
100011220
100011310
100101130
100101220
100101310
100110130
100110220
100110310
100111120
100111210
200101120
200101210
200110120
200110210
101110120
101110210
201010120
201010210
201100120
201100210
210100120
210100210
211000120
211000210
1201120
1201210
10201120
10201210
10210120
10210210
101101120
101101210
110101120
110101210
110110120
110110210
12010120
12010210
102010120
102010210
102100120
102100210
120100120
120100210
1022020
1023010
1031020
1032010
2012020
2013010
2021020
2022010
10012030
10013020
10021030
10022020
10023010
10031020
10032010
20012020
20013010
20021020
20022010
100012030
100013020
100021030
100022020
100023010
100031020
100032010
200012020
200013010
200021020
200022010
10112020
10113010
10121020
10122010
11012020
11013010
11021020
11022010
101012020
101013010
101021020
101022010
110012020
110013010
110021020
110022010
1202020
1203010
1301020
1302010
2102020
2103010
2201020
2202010
10202020
10203010
10301020
10302010
20102020
20103010
20201020
20202010
100102030
100103020
100201030
100202020
100203010
100301020
100302010
200102020
200103010
200201020
200202010
101102020
101103010
101201020
101202010
110102020
110103010
110201020
110202010
12001030
12002020
12003010
13001020
13002010
21001030
21002020
21003010
22001020
22002010
31001020
31002010
102001030
102002020
102003010
103001020
103002010
201001030
201002020
201003010
202001020
202002010
301001020
301002010
1002040
1004020
4001020
4002010
12101020
12102010
112001020
112002010
120001030
120002020
120003010
130001020
130002010
210001030
210002020
210003010
220001020
220002010
310001020
310002010
10002040
10004020
40001020
40002010
10012120
10013110
10014010
21011020
21012010
21101020
21102010
121001020
121002010
100002040
100004020
400001020
400002010
100012120
100013110
100014010
100104010
100112020
100113010
201011020
201012010
201101020
201102010
210101020
210102010
211001020
211002010
12011020
12012010
102011020
102012010
102101020
102102010
120101020
120102010
1230010
1320010
2130010
2310010
3120010
3210010
10220020
10230010
10310020
10320010
20120020
20130010
20210020
20220010
20310010
30120010
30210010
100120030
100130020
100210030
100220020
100230010
100310020
100320010
200120020
200130010
200210020
200220010
200310010
300120010
300210010
120040
210040
240010
420010
10410010
11220010
11310010
101120020
101130010
101210020
101220010
101310010
110120020
110130010
110210020
110220010
110310010
111120010
111210010
12020020
12030010
13010020
13020010
21020020
21030010
22010020
22020010
23010010
31020010
32010010
102020020
102030010
103010020
103020010
201020020
201030010
202010020
202020010
203010010
301020010
302010010
1020040
2010040
2040010
4020010
12120010
13110010
14010010
104010010
112020010
113010010
120010030
120020020
120030010
130010020
130020010
210010030
210020020
210030010
220010020
220020010
230010010
310010020
310020010
320010010
10020040
20010040
10040020
20040010
40010020
40020010
10010041
10010140
10020121
10011040
10021120
10040110
10041010
10140010
20121010
11040010
21120010
40110010
41010010
121010020
121020010
131010010
140010010
100020040
200010040
100040020
200040010
400010020
400020010
100010041
100010140
100020121
100011040
100021120
100040110
100041010
100121020
100131010
100140010
200121010
101040010
201120010
210110020
210120010
211010020
211020010
211110010
310110010
311010010
401010010
410010010
10110040
11010040
101010040
110010040
110040010
10221010
101121010
110121010
102120010
22110010
120110020
120120010
121110010
122010010
21210010
212010010
221010010
12300010
13200010
21300010
23100010
31200010
32100010
102200020
102300010
103100020
103200010
201200020
201300010
202100020
202200010
203100010
301200010
302100010
1200040
2100040
2400010
4200010
1200121
2100121
104100010
112200010
113100010
120200020
120300010
130100020
130200010
210200020
210300010
220100020
220200010
230100010
310200010
320100010
10200040
20100040
20400010
40200010
10200121
20100121
10310110
10311010
20210110
20211010
121200010
131100010
140100010
100200040
200100040
100400020
200400010
400100020
400200010
100100041
100100131
100100140
100200121
200100121
100101040
100201120
100210120
100211020
100211110
100310110
100311010
200210110
200211010
100401010
100410010
101400010
201210010
110400010
211200010
401100010
410100010
101100040
110100040
101100121
110100121
101210110
101211010
110210110
110211010
102210010
212100010
221100010
123000010
132000010
213000010
231000010
312000010
321000010
12000040
21000040
24000010
42000010
12000121
21000121
12001120
21001120
13010110
13011010
22010110
22011010
102000040
201000040
204000010
402000010
102000121
201000121
102001120
201001120
103010110
103011010
202010110
202011010
103101010
103110010
202101010
202110010
120000040
210000040
240000010
420000010
120000121
210000121
120001120
210001120
120010120
120011020
120011110
130010110
130011010
210010120
210011020
210011110
220010110
220011010
310010110
310011010
120111010
130101010
130110010
210111010
220101010
220110010
40010110
40011010
10010221
10022110
20120110
21020110
21021010
121010110
121011010
10021210
100110040
400010110
400011010
400101010
400110010
100010221
100101121
100110121
100102120
100022110
100120120
100121110
100122010
200120110
101120110
201020110
201021010
210110110
211010110
211011010
100021210
100221010
201201010
210201010
210210010
100212010
10220110
110120110
12020110
12021010
102020110
102021010
120110110
102201010
120201010
120210010
10012300
10013200
10021300
10023100
10031200
10032100
100012300
100013200
100021300
100023100
100031200
100032100
1202200
1203100
1301200
1302100
2102200
2103100
2201200
2202100
10202200
10203100
10301200
10302100
20102200
20103100
20201200
20202100
100102300
100103200
100201300
100202200
100203100
100301200
100302100
200102200
200103100
200201200
200202100
101102200
101103100
101201200
101202100
110102200
110103100
110201200
110202100
12001300
12002200
12003100
13001200
13002100
21001300
21002200
21003100
22001200
22002100
31001200
31002100
102001300
102002200
102003100
103001200
103002100
201001300
201002200
201003100
202001200
202002100
301001200
301002100
1002400
1004200
4001200
4002100
12101200
12102100
112001200
112002100
120001300
120002200
120003100
130001200
130002100
210001300
210002200
210003100
220001200
220002100
310001200
310002100
10002400
10004200
40001200
40002100
21011200
21012100
21101200
21102100
121001200
121002100
100002400
100004200
400001200
400002100
100104100
100112200
100113100
201011200
201012100
201101200
201102100
210101200
210102100
211001200
211002100
12011200
12012100
102011200
102012100
102101200
102102100
120101200
120102100
10220200
10230100
10310200
10320100
20120200
20130100
20210200
20220100
100120300
100130200
100210300
100220200
100230100
100310200
100320100
200120200
200130100
200210200
200220100
101120200
101130100
101210200
101220100
110120200
110130100
110210200
110220100
12020200
12030100
13010200
13020100
21020200
21030100
22010200
22020100
102020200
102030100
103010200
103020100
201020200
201030100
202010200
202020100
120010300
120020200
120030100
130010200
130020100
210010300
210020200
210030100
220010200
220020100
310010200
310020100
10020400
10040200
40010200
40020100
10010311
10020211
121010200
121020100
100020400
100040200
400010200
400020100
100010311
100020211
100121200
100131100
100140100
210110200
210120100
211010200
211020100
120110200
120120100
12300100
13200100
21300100
23100100
31200100
32100100
102200200
102300100
103100200
103200100
201200200
201300100
202100200
202200100
203100100
301200100
302100100
1200400
2100400
2400100
4200100
1200211
2100211
104100100
112200100
113100100
120200200
120300100
130100200
130200100
210200200
210300100
220100200
220200100
230100100
310200100
320100100
10200400
20100400
20400100
40200100
10200211
20100211
121200100
131100100
140100100
100200400
200100400
100400200
200400100
400100200
400200100
100100311
100100401
100100410
100200211
200100211
100101400
100201210
100110400
100211200
100401100
100410100
101400100
201210100
110400100
211200100
401100100
410100100
101100400
110100400
101100211
110100211
102210100
212100100
221100100
123000100
132000100
213000100
231000100
312000100
321000100
12000400
21000400
24000100
42000100
12000211
21000211
12001210
21001210
102000400
201000400
204000100
402000100
102000211
201000211
102001210
201001210
103101100
103110100
202101100
202110100
120000400
210000400
240000100
420000100
120000211
210000211
120001210
210001210
120011200
210011200
130101100
130110100
220101100
220110100
400101100
400110100
100101211
100110211
100102210
100221100
201201100
210201100
210210100
100212100
102201100
120201100
120210100
100123000
100132000
100213000
100231000
100312000
100321000
12022000
12031000
13012000
13021000
21022000
21031000
22012000
22021000
102022000
102031000
103012000
103021000
201022000
201031000
202012000
202021000
120013000
120022000
120031000
130012000
130021000
210013000
210022000
210031000
220012000
220021000
310012000
310021000
10024000
10042000
40012000
40021000
10013011
10022011
121012000
121021000
100024000
100042000
400012000
400021000
100013011
100022011
210112000
210121000
211012000
211021000
120112000
120121000
102202000
102301000
103102000
103201000
201202000
201301000
202102000
202201000
120202000
120301000
130102000
130201000
210202000
210301000
220102000
220201000
100204000
100402000
400102000
400201000
100103011
100103101
100103110
100202011
100202101
100202110
123001000
132001000
213001000
231001000
312001000
321001000
12004000
21004000
24001000
42001000
12002011
12002101
12002110
21002011
21002101
21002110
102004000
201004000
204001000
402001000
102002011
102002101
102002110
201002011
201002101
201002110
120004000
210004000
240001000
420001000
120002011
120002101
120002110
210002011
210002101
210002110
120012100
210012100
120220000
120310000
130120000
130210000
210220000
210310000
220120000
220210000
10220011
10310011
20120011
20210011
100240000
100420000
400120000
400210000
100120111
100130011
100130101
100130110
100210111
100220011
100220101
100220110
100310011
200120011
200210011
101120011
101210011
110120011
110210011
12020011
13010011
21020011
22010011
102020011
103010011
201020011
202010011
120040000
210040000
240010000
420010000
120010111
120020011
120020101
120020110
130010011
210010111
210020011
210020101
210020110
220010011
310010011
120021010
120021100
210021010
210021100
10040011
40010011
10021021
121010011
100040011
400010011
100021021
100121011
210110011
211010011
120110011
102200011
102200101
102200110
103100011
103100101
103100110
201200011
201200101
201200110
202100011
202100101
202100110
120200011
120200101
120200110
130100011
130100101
130100110
210200011
210200101
210200110
220100011
220100101
220100110
100400011
100400101
100400110
400100011
400100101
400100110
100100221
100201021
100201201
100210201
100210210
100211011
100100122
100100212
12001021
12001201
21001021
21001201
102001021
102001201
201001021
201001201
120001021
120001201
210001021
210001201
120010201
120010210
120011011
210010201
210010210
210011011
120012010
210012010
10012021
100012021
100102021
100102201
100120201
100120210