2
11
20
101
110
200
1001
1010
2000
10001
10010
20000
100001
100010
200000
1000001
1000010
2000000
10000001
10000010
20000000
100000001
100000010
200000000
1100
10100
11000
101000
110000
1010000
1100000
10100000
11000000
101000000
110000000
100100
1000100
10000100
100000100
1001000
10001000
100001000
10010000
100010000
100100000
23
32
113
122
131
203
212
221
230
302
311
320
1013
1022
1031
1103
1112
1121
1130
1202
1211
1220
1301
1310
2003
2012
2021
2030
2102
2111
2120
2201
2210
2300
3002
3011
3020
3101
3110
3200
10013
10022
10031
10103
10112
10121
10130
10202
10211
10220
10301
10310
20003
20012
20021
20030
20102
20111
20120
20201
20210
20300
30002
30011
30020
30101
30110
30200
100013
100022
100031
100103
100112
100121
100130
100202
100211
100220
100301
100310
200003
200012
200021
200030
200102
200111
200120
200201
200210
200300
300002
300011
300020
300101
300110
300200
1000013
1000022
1000031
1000103
1000112
1000121
1000130
1000202
1000211
1000220
1000301
1000310
2000003
2000012
2000021
2000030
2000102
2000111
2000120
2000201
2000210
2000300
3000002
3000011
3000020
3000101
3000110
3000200
10000013
10000022
10000031
10000103
10000112
10000121
10000130
10000202
10000211
10000220
10000301
10000310
20000003
20000012
20000021
20000030
20000102
20000111
20000120
20000201
20000210
20000300
30000002
30000011
30000020
30000101
30000110
30000200
100000013
100000022
100000031
100000103
100000112
100000121
100000130
100000202
100000211
100000220
100000301
100000310
200000003
200000012
200000021
200000030
200000102
200000111
200000120
200000201
200000210
200000300
300000002
300000011
300000020
300000101
300000110
300000200
14
104
41
140
401
410
1040
1400
10400
11003
11012
11021
11030
11102
11111
11120
11201
11210
11300
101003
101012
101021
101030
101102
101111
101120
101201
101210
101300
110003
110012
110021
110030
110102
110111
110120
110201
110210
110300
111002
111011
111020
111101
111110
111200
1010003
1010012
1010021
1010030
1010102
1010111
1010120
1010201
1010210
1010300
1100003
1100012
1100021
1100030
1100102
1100111
1100120
1100201
1100210
1100300
1110002
1110011
1110020
1110101
1110110
1110200
10100003
10100012
10100021
10100030
10100102
10100111
10100120
10100201
10100210
10100300
11000003
11000012
11000021
11000030
11000102
11000111
11000120
11000201
11000210
11000300
11100002
11100011
11100020
11100101
11100110
11100200
101000003
101000012
101000021
101000030
101000102
101000111
101000120
101000201
101000210
101000300
110000003
110000012
110000021
110000030
110000102
110000111
110000120
110000201
110000210
110000300
111000002
111000011
111000020
111000101
111000110
111000200
12002
12011
12020
13001
13010
21002
21011
21020
22001
22010
23000
31001
31010
32000
102002
102011
102020
103001
103010
201002
201011
201020
202001
202010
203000
301001
301010
302000
1001003
1001012
1001021
1001030
1002002
1002011
1002020
1003001
1003010
2001002
2001011
2001020
2002001
2002010
2003000
3001001
3001010
3002000
10001003
10001012
10001021
10001030
10002002
10002011
10002020
10003001
10003010
20001002
20001011
20001020
20002001
20002010
20003000
30001001
30001010
30002000
100001003
100001012
100001021
100001030
100002002
100002011
100002020
100003001
100003010
200001002
200001011
200001020
200002001
200002010
200003000
300001001
300001010
300002000
1004
4001
4010
4100
12101
12110
13100
14000
104000
112001
112010
113000
1011002
1011011
1011020
1012001
1012010
1013000
1101002
1101011
1101020
1102001
1102010
1103000
1111001
1111010
1112000
10101002
10101011
10101020
10102001
10102010
10103000
11001002
11001011
11001020
11002001
11002010
11003000
11101001
11101010
11102000
101001002
101001011
101001020
101002001
101002010
101003000
110001002
110001011
110001020
110002001
110002010
110003000
111001001
111001010
111002000
120002
120011
120020
130001
130010
210002
210011
210020
220001
220010
230000
310001
310010
320000
1020002
1020011
1020020
1030001
1030010
2010002
2010011
2010020
2020001
2020010
2030000
3010001
3010010
3020000
10010003
10010012
10010021
10010030
10020002
10020011
10020020
10030001
10030010
20010002
20010011
20010020
20020001
20020010
20030000
30010001
30010010
30020000
100010003
100010012
100010021
100010030
100020002
100020011
100020020
100030001
100030010
200010002
200010011
200010020
200020001
200020010
200030000
300010001
300010010
300020000
10004
10040
40001
40010
21101
21110
31100
40100
41000
121001
121010
131000
140000
1040000
1120001
1120010
1130000
10110002
10110011
10110020
10120001
10120010
10130000
11010002
11010011
11010020
11020001
11020010
11030000
11110001
11110010
11120000
101010002
101010011
101010020
101020001
101020010
101030000
110010002
110010011
110010020
110020001
110020010
110030000
111010001
111010010
111020000
1200002
1200011
1200020
1300001
1300010
2100002
2100011
2100020
2200001
2200010
2300000
3100001
3100010
3200000
10200002
10200011
10200020
10300001
10300010
20100002
20100011
20100020
20200001
20200010
20300000
30100001
30100010
30200000
100100003
100100012
100100021
100100030
100200002
100200011
100200020
100300001
100300010
200100002
200100011
200100020
200200001
200200010
200300000
300100001
300100010
300200000
100004
100040
400001
400010
201101
201110
301100
210101
210110
211001
211010
211100
310100
311000
401000
410000
1210001
1210010
1310000
1400000
10400000
11200001
11200010
11300000
101100002
101100011
101100020
101200001
101200010
101300000
110100002
110100011
110100020
110200001
110200010
110300000
111100001
111100010
111200000
12000002
12000011
12000020
13000001
13000010
21000002
21000011
21000020
22000001
22000010
23000000
31000001
31000010
32000000
102000002
102000011
102000020
103000001
103000010
201000002
201000011
201000020
202000001
202000010
203000000
301000001
301000010
302000000
1000004
1000040
4000001
4000010
1001102
1001111
1001120
2001101
2001110
3001100
1011101
1011110
2010101
2010110
2011001
2011010
2011100
3010100
3011000
2101001
2101010
2110001
2110010
2111000
3101000
3110000
4010000
4100000
12100001
12100010
13100000
14000000
104000000
112000001
112000010
113000000
120000002
120000011
120000020
130000001
130000010
210000002
210000011
210000020
220000001
220000010
230000000
310000001
310000010
320000000
10000004
10000040
40000001
40000010
10001102
10001111
10001120
20001101
20001110
30001100
10010102
10010111
10010120
10011002
10011011
10011020
10011101
10011110
20010101
20010110
20011001
20011010
20011100
30010100
30011000
10111001
10111010
20101001
20101010
20110001
20110010
20111000
30101000
30110000
21010001
21010010
21100001
21100010
21110000
31010000
31100000
40100000
41000000
121000001
121000010
131000000
140000000
100000004
100000040
400000001
400000010
100001102
100001111
100001120
200001101
200001110
300001100
100010102
100010111
100010120
100011002
100011011
100011020
100011101
100011110
200010101
200010110
200011001
200011010
200011100
300010100
300011000
100101002
100101011
100101020
100110002
100110011
100110020
100111001
100111010
200101001
200101010
200110001
200110010
200111000
300101000
300110000
101110001
101110010
201010001
201010010
201100001
201100010
201110000
301010000
301100000
210100001
210100010
211000001
211000010
211100000
310100000
311000000
401000000
410000000
12200
102101
102110
112100
1101101
1101110
1111100
10101101
10101110
11001101
11001110
11101100
101001101
101001110
110001101
110001110
111001100
22100
120101
120110
121100
122000
1020101
1020110
1021001
1021010
1021100
1120100
1121000
10110101
10110110
10111100
11010101
11010110
11011001
11011010
11011100
11110100
11111000
101010101
101010110
101011001
101011010
101011100
110010101
110010110
110011001
110011010
110011100
111010100
111011000
21200
221000
1201001
1201010
1211000
1220000
10201001
10201010
10210001
10210010
10211000
11201000
11210000
101101001
101101010
101111000
110101001
110101010
110110001
110110010
110111000
111101000
111110000
212000
2210000
12010001
12010010
12110000
12200000
102010001
102010010
102100001
102100010
102110000
112010000
112100000
2120000
22100000
120100001
120100010
121100000
122000000
21200000
212000000
221000000
102200
103100
201200
202100
1001201
1001300
1002101
1002200
1003100
2001200
2002100
10001201
10001300
10002101
10002200
10003100
20001200
20002100
100001201
100001300
100002101
100002200
100003100
200001200
200002100
1011200
1012100
1101200
1102100
10101200
10102100
11001200
11002100
101001200
101002100
110001200
110002100
120200
130100
210200
220100
1020200
1030100
2010200
2020100
10010201
10010300
10020101
10020200
10030100
20010200
20020100
100010201
100010300
100020101
100020200
100030100
200010200
200020100
10110200
10120100
11010200
11020100
101010200
101020100
110010200
110020100
1200101
1200200
1300100
2100101
2100200
2200100
3100100
10200101
10200200
10300100
20100101
20100200
20200100
30100100
100100102
100100201
100100300
100200101
100200200
100300100
200100101
200100200
200200100
300100100
100400
400100
1210100
11200100
101100101
101100200
101200100
110100101
110100200
110200100
111100100
12000101
12000200
13000100
21000101
21000200
22000100
31000100
102000101
102000200
103000100
201000101
201000200
202000100
301000100
1000400
4000100
1001210
2101100
2110100
12100100
112000100
120000101
120000200
130000100
210000101
210000200
220000100
310000100
10000400
40000100
10001210
10011200
20101100
20110100
21010100
21100100
121000100
100000400
400000100
100001210
100011200
100101101
100101200
100110101
100110200
100111100
200101100
200110100
101110100
201010100
201100100
210100100
211000100
1201100
10201100
10210100
101101100
110101100
110110100
12010100
102010100
102100100
120100100
1022000
1031000
2012000
2021000
10012001
10013000
10021001
10022000
10031000
20012000
20021000
100012001
100013000
100021001
100022000
100031000
200012000
200021000
10112000
10121000
11012000
11021000
101012000
101021000
110012000
110021000
1202000
1301000
2102000
2201000
10202000
10301000
20102000
20201000
100102001
100103000
100201001
100202000
100301000
200102000
200201000
101102000
101201000
110102000
110201000
12001001
12002000
13001000
21001001
21002000
22001000
31001000
102001001
102002000
103001000
201001001
201002000
202001000
301001000
1004000
4001000
1002110
12101000
112001000
120001001
120002000
130001000
210001001
210002000
220001000
310001000
10004000
40001000
10002110
10012100
21011000
21101000
121001000
100004000
400001000
100002110
100012100
100112000
201011000
201101000
210101000
211001000
12011000
102011000
102101000
120101000
10220000
10310000
20120000
20210000
100120001
100130000
100210001
100220000
100310000
200120000
200210000
101120000
101210000
110120000
110210000
12020000
13010000
21020000
22010000
102020000
103010000
201020000
202010000
120010001
120020000
130010000
210010001
210020000
220010000
310010000
10040000
40010000
10020110
10021010
10021100
121010000
100040000
400010000
100020110
100021010
100021100
100121000
210110000
211010000
120110000
102200000
103100000
201200000
202100000
1200110
2100110
120200000
130100000
210200000
220100000
10200110
20100110
100400000
400100000
100100111
100200110
200100110
100101110
100201010
100201100
100210100
100211000
101100110
110100110
12000110
21000110
12001010
12001100
21001010
21001100
102000110
201000110
102001010
102001100
201001010
201001100
120000110
210000110
120001010
120001100
210001010
210001100
120010100
120011000
210010100
210011000
10010210
10012010
100010210
100110110
100012010
100102010
100102100
100120100
100100120
100100210
100120010
100210010
120010010
210010010