1
10
100
1000
10000
100000
1000000
10000000
100000000
13
22
31
103
112
121
130
202
211
220
301
310
1003
1012
1021
1030
1102
1111
1120
1201
1210
1300
2002
2011
2020
2101
2110
2200
3001
3010
3100
10003
10012
10021
10030
10102
10111
10120
10201
10210
10300
20002
20011
20020
20101
20110
20200
30001
30010
30100
100003
100012
100021
100030
100102
100111
100120
100201
100210
100300
200002
200011
200020
200101
200110
200200
300001
300010
300100
1000003
1000012
1000021
1000030
1000102
1000111
1000120
1000201
1000210
1000300
2000002
2000011
2000020
2000101
2000110
2000200
3000001
3000010
3000100
10000003
10000012
10000021
10000030
10000102
10000111
10000120
10000201
10000210
10000300
20000002
20000011
20000020
20000101
20000110
20000200
30000001
30000010
30000100
100000003
100000012
100000021
100000030
100000102
100000111
100000120
100000201
100000210
100000300
200000002
200000011
200000020
200000101
200000110
200000200
300000001
300000010
300000100
4
40
400
11002
11011
11020
11101
11110
11200
101002
101011
101020
101101
101110
101200
110002
110011
110020
110101
110110
110200
111001
111010
111100
1010002
1010011
1010020
1010101
1010110
1010200
1100002
1100011
1100020
1100101
1100110
1100200
1110001
1110010
1110100
10100002
10100011
10100020
10100101
10100110
10100200
11000002
11000011
11000020
11000101
11000110
11000200
11100001
11100010
11100100
101000002
101000011
101000020
101000101
101000110
101000200
110000002
110000011
110000020
110000101
110000110
110000200
111000001
111000010
111000100
12001
12010
13000
21001
21010
22000
31000
102001
102010
103000
201001
201010
202000
301000
1001002
1001011
1001020
1002001
1002010
1003000
2001001
2001010
2002000
3001000
10001002
10001011
10001020
10002001
10002010
10003000
20001001
20001010
20002000
30001000
100001002
100001011
100001020
100002001
100002010
100003000
200001001
200001010
200002000
300001000
4000
12100
112000
1011001
1011010
1012000
1101001
1101010
1102000
1111000
10101001
10101010
10102000
11001001
11001010
11002000
11101000
101001001
101001010
101002000
110001001
110001010
110002000
111001000
120001
120010
130000
210001
210010
220000
310000
1020001
1020010
1030000
2010001
2010010
2020000
3010000
10010002
10010011
10010020
10020001
10020010
10030000
20010001
20010010
20020000
30010000
100010002
100010011
100010020
100020001
100020010
100030000
200010001
200010010
200020000
300010000
40000
21100
121000
1120000
10110001
10110010
10120000
11010001
11010010
11020000
11110000
101010001
101010010
101020000
110010001
110010010
110020000
111010000
1200001
1200010
1300000
2100001
2100010
2200000
3100000
10200001
10200010
10300000
20100001
20100010
20200000
30100000
100100002
100100011
100100020
100200001
100200010
100300000
200100001
200100010
200200000
300100000
400000
201100
210100
211000
1210000
11200000
101100001
101100010
101200000
110100001
110100010
110200000
111100000
12000001
12000010
13000000
21000001
21000010
22000000
31000000
102000001
102000010
103000000
201000001
201000010
202000000
301000000
4000000
1001101
1001110
2001100
1011100
2010100
2011000
2101000
2110000
12100000
112000000
120000001
120000010
130000000
210000001
210000010
220000000
310000000
40000000
10001101
10001110
20001100
10010101
10010110
10011001
10011010
10011100
20010100
20011000
10111000
20101000
20110000
21010000
21100000
121000000
400000000
100001101
100001110
200001100
100010101
100010110
100011001
100011010
100011100
200010100
200011000
100101001
100101010
100110001
100110010
100111000
200101000
200110000
101110000
201010000
201100000
210100000
211000000
102100
1101100
10101100
11001100
101001100
110001100
120100
1020100
1021000
10110100
11010100
11011000
101010100
101011000
110010100
110011000
1201000
10201000
10210000
101101000
110101000
110110000
12010000
102010000
102100000
120100000
1001200
1002100
10001200
10002100
100001200
100002100
10010200
10020100
100010200
100020100
1200100
2100100
10200100
20100100
100100101
100100200
100200100
200100100
101100100
110100100
12000100
21000100
102000100
201000100
120000100
210000100
100101100
100110100
10012000
10021000
100012000
100021000
100102000
100201000
12001000
21001000
102001000
201001000
120001000
210001000
100120000
100210000
120010000
210010000
100100110