3
12
21
30
102
111
120
201
210
300
1002
1011
1020
2001
2010
3000
10002
10011
10020
20001
20010
30000
100002
100011
100020
200001
200010
300000
1000002
1000011
1000020
2000001
2000010
3000000
10000002
10000011
10000020
20000001
20000010
30000000
100000002
100000011
100000020
200000001
200000010
300000000
1101
1110
10101
10110
11001
11010
11100
101001
101010
110001
110010
111000
1010001
1010010
1100001
1100010
1110000
10100001
10100010
11000001
11000010
11100000
101000001
101000010
110000001
110000010
111000000
1200
2100
10200
20100
100101
100200
200100
1000101
1000200
2000100
10000101
10000200
20000100
100000101
100000200
200000100
101100
110100
1010100
1100100
10100100
11000100
101000100
110000100
12000
21000
102000
201000
1001001
1002000
2001000
10001001
10002000
20001000
100001001
100002000
200001000
1011000
1101000
10101000
11001000
101001000
110001000
120000
210000
1020000
2010000
10010001
10020000
20010000
100010001
100020000
200010000
10110000
11010000
101010000
110010000
1200000
2100000
10200000
20100000
100100001
100200000
200100000
100110
101100000
110100000
12000000
21000000
102000000
201000000
1000110
1001010
1001100
120000000
210000000
10000110
10001010
10001100
10010100
10011000
100000110
100001010
100001100
100010100
100011000
100101000
100110000
10010010
100010010
100100010
100100100
33
123
132
213
222
231
303
312
321
330
1023
1032
1113
1122
1131
1203
1212
1221
1230
1302
1311
1320
2013
2022
2031
2103
2112
2121
2130
2202
2211
2220
2301
2310
3003
3012
3021
3030
3102
3111
3120
3201
3210
3300
10023
10032
10113
10122
10131
10203
10212
10221
10230
10302
10311
10320
20013
20022
20031
20103
20112
20121
20130
20202
20211
20220
20301
20310
30003
30012
30021
30030
30102
30111
30120
30201
30210
30300
100023
100032
100113
100122
100131
100203
100212
100221
100230
100302
100311
100320
200013
200022
200031
200103
200112
200121
200130
200202
200211
200220
200301
200310
300003
300012
300021
300030
300102
300111
300120
300201
300210
300300
1000023
1000032
1000113
1000122
1000131
1000203
1000212
1000221
1000230
1000302
1000311
1000320
2000013
2000022
2000031
2000103
2000112
2000121
2000130
2000202
2000211
2000220
2000301
2000310
3000003
3000012
3000021
3000030
3000102
3000111
3000120
3000201
3000210
3000300
10000023
10000032
10000113
10000122
10000131
10000203
10000212
10000221
10000230
10000302
10000311
10000320
20000013
20000022
20000031
20000103
20000112
20000121
20000130
20000202
20000211
20000220
20000301
20000310
30000003
30000012
30000021
30000030
30000102
30000111
30000120
30000201
30000210
30000300
100000023
100000032
100000113
100000122
100000131
100000203
100000212
100000221
100000230
100000302
100000311
100000320
200000013
200000022
200000031
200000103
200000112
200000121
200000130
200000202
200000211
200000220
200000301
200000310
300000003
300000012
300000021
300000030
300000102
300000111
300000120
300000201
300000210
300000300
24
114
204
42
141
240
402
411
420
1041
1140
1401
1410
10401
10410
11013
11022
11031
11103
11112
11121
11130
11202
11211
11220
11301
11310
11400
101013
101022
101031
101103
101112
101121
101130
101202
101211
101220
101301
101310
110013
110022
110031
110103
110112
110121
110130
110202
110211
110220
110301
110310
111003
111012
111021
111030
111102
111111
111120
111201
111210
111300
1010013
1010022
1010031
1010103
1010112
1010121
1010130
1010202
1010211
1010220
1010301
1010310
1100013
1100022
1100031
1100103
1100112
1100121
1100130
1100202
1100211
1100220
1100301
1100310
1110003
1110012
1110021
1110030
1110102
1110111
1110120
1110201
1110210
1110300
10100013
10100022
10100031
10100103
10100112
10100121
10100130
10100202
10100211
10100220
10100301
10100310
11000013
11000022
11000031
11000103
11000112
11000121
11000130
11000202
11000211
11000220
11000301
11000310
11100003
11100012
11100021
11100030
11100102
11100111
11100120
11100201
11100210
11100300
101000013
101000022
101000031
101000103
101000112
101000121
101000130
101000202
101000211
101000220
101000301
101000310
110000013
110000022
110000031
110000103
110000112
110000121
110000130
110000202
110000211
110000220
110000301
110000310
111000003
111000012
111000021
111000030
111000102
111000111
111000120
111000201
111000210
111000300
12003
12012
12021
12030
13002
13011
13020
21003
21012
21021
21030
22002
22011
22020
23001
23010
31002
31011
31020
32001
32010
33000
102003
102012
102021
102030
103002
103011
103020
201003
201012
201021
201030
202002
202011
202020
203001
203010
301002
301011
301020
302001
302010
303000
1001013
1001022
1001031
1002003
1002012
1002021
1002030
1003002
1003011
1003020
2001003
2001012
2001021
2001030
2002002
2002011
2002020
2003001
2003010
3001002
3001011
3001020
3002001
3002010
3003000
10001013
10001022
10001031
10002003
10002012
10002021
10002030
10003002
10003011
10003020
20001003
20001012
20001021
20001030
20002002
20002011
20002020
20003001
20003010
30001002
30001011
30001020
30002001
30002010
30003000
100001013
100001022
100001031
100002003
100002012
100002021
100002030
100003002
100003011
100003020
200001003
200001012
200001021
200001030
200002002
200002011
200002020
200003001
200003010
300001002
300001011
300001020
300002001
300002010
300003000
1014
2004
2040
4002
4011
4020
1104
4101
4110
12102
12111
12120
13101
13110
14001
14010
14100
104001
104010
112002
112011
112020
113001
113010
114000
1011003
1011012
1011021
1011030
1012002
1012011
1012020
1013001
1013010
1101003
1101012
1101021
1101030
1102002
1102011
1102020
1103001
1103010
1111002
1111011
1111020
1112001
1112010
1113000
10101003
10101012
10101021
10101030
10102002
10102011
10102020
10103001
10103010
11001003
11001012
11001021
11001030
11002002
11002011
11002020
11003001
11003010
11101002
11101011
11101020
11102001
11102010
11103000
101001003
101001012
101001021
101001030
101002002
101002011
101002020
101003001
101003010
110001003
110001012
110001021
110001030
110002002
110002011
110002020
110003001
110003010
111001002
111001011
111001020
111002001
111002010
111003000
120003
120012
120021
120030
130002
130011
130020
210003
210012
210021
210030
220002
220011
220020
230001
230010
310002
310011
310020
320001
320010
330000
1020003
1020012
1020021
1020030
1030002
1030011
1030020
2010003
2010012
2010021
2010030
2020002
2020011
2020020
2030001
2030010
3010002
3010011
3010020
3020001
3020010
3030000
10010013
10010022
10010031
10020003
10020012
10020021
10020030
10030002
10030011
10030020
20010003
20010012
20010021
20010030
20020002
20020011
20020020
20030001
20030010
30010002
30010011
30010020
30020001
30020010
30030000
100010013
100010022
100010031
100020003
100020012
100020021
100020030
100030002
100030011
100030020
200010003
200010012
200010021
200010030
200020002
200020011
200020020
200030001
200030010
300010002
300010011
300010020
300020001
300020010
300030000
10014
20004
10041
20040
40002
40011
40020
10104
10140
11040
21102
21111
21120
31101
31110
40101
40110
41001
41010
41100
121002
121011
121020
131001
131010
140001
140010
141000
1040001
1040010
1120002
1120011
1120020
1130001
1130010
1140000
10110003
10110012
10110021
10110030
10120002
10120011
10120020
10130001
10130010
11010003
11010012
11010021
11010030
11020002
11020011
11020020
11030001
11030010
11110002
11110011
11110020
11120001
11120010
11130000
101010003
101010012
101010021
101010030
101020002
101020011
101020020
101030001
101030010
110010003
110010012
110010021
110010030
110020002
110020011
110020020
110030001
110030010
111010002
111010011
111010020
111020001
111020010
111030000
1200003
1200012
1200021
1200030
1300002
1300011
1300020
2100003
2100012
2100021
2100030
2200002
2200011
2200020
2300001
2300010
3100002
3100011
3100020
3200001
3200010
3300000
10200003
10200012
10200021
10200030
10300002
10300011
10300020
20100003
20100012
20100021
20100030
20200002
20200011
20200020
20300001
20300010
30100002
30100011
30100020
30200001
30200010
30300000
100100013
100100022
100100031
100200003
100200012
100200021
100200030
100300002
100300011
100300020
200100003
200100012
200100021
200100030
200200002
200200011
200200020
200300001
200300010
300100002
300100011
300100020
300200001
300200010
300300000
100014
200004
100041
200040
400002
400011
400020
100104
100140
101040
201102
201111
201120
301101
301110
210102
210111
210120
211002
211011
211020
211101
211110
310101
310110
311001
311010
311100
401001
401010
410001
410010
411000
1210002
1210011
1210020
1310001
1310010
1400001
1400010
1410000
10400001
10400010
11200002
11200011
11200020
11300001
11300010
11400000
101100003
101100012
101100021
101100030
101200002
101200011
101200020
101300001
101300010
110100003
110100012
110100021
110100030
110200002
110200011
110200020
110300001
110300010
111100002
111100011
111100020
111200001
111200010
111300000
12000003
12000012
12000021
12000030
13000002
13000011
13000020
21000003
21000012
21000021
21000030
22000002
22000011
22000020
23000001
23000010
31000002
31000011
31000020
32000001
32000010
33000000
102000003
102000012
102000021
102000030
103000002
103000011
103000020
201000003
201000012
201000021
201000030
202000002
202000011
202000020
203000001
203000010
301000002
301000011
301000020
302000001
302000010
303000000
1000014
2000004
1000041
2000040
4000002
4000011
4000020
1000104
1000140
1001040
1001103
1001112
1001121
1001130
2001102
2001111
2001120
3001101
3001110
1011102
1011111
1011120
2010102
2010111
2010120
2011002
2011011
2011020
2011101
2011110
3010101
3010110
3011001
3011010
3011100
2101002
2101011
2101020
2110002
2110011
2110020
2111001
2111010
3101001
3101010
3110001
3110010
3111000
4010001
4010010
4100001
4100010
4110000
12100002
12100011
12100020
13100001
13100010
14000001
14000010
14100000
104000001
104000010
112000002
112000011
112000020
113000001
113000010
114000000
120000003
120000012
120000021
120000030
130000002
130000011
130000020
210000003
210000012
210000021
210000030
220000002
220000011
220000020
230000001
230000010
310000002
310000011
310000020
320000001
320000010
330000000
10000014
20000004
10000041
20000040
40000002
40000011
40000020
10000104
10000140
10001040
10001103
10001112
10001121
10001130
20001102
20001111
20001120
30001101
30001110
10010103
10010112
10010121
10010130
10011003
10011012
10011021
10011030
10011102
10011111
10011120
20010102
20010111
20010120
20011002
20011011
20011020
20011101
20011110
30010101
30010110
30011001
30011010
30011100
10111002
10111011
10111020
20101002
20101011
20101020
20110002
20110011
20110020
20111001
20111010
30101001
30101010
30110001
30110010
30111000
21010002
21010011
21010020
21100002
21100011
21100020
21110001
21110010
31010001
31010010
31100001
31100010
31110000
40100001
40100010
41000001
41000010
41100000
121000002
121000011
121000020
131000001
131000010
140000001
140000010
141000000
100000014
200000004
100000041
200000040
400000002
400000011
400000020
100000104
100000140
100001040
100001103
100001112
100001121
100001130
200001102
200001111
200001120
300001101
300001110
100010103
100010112
100010121
100010130
100011003
100011012
100011021
100011030
100011102
100011111
100011120
200010102
200010111
200010120
200011002
200011011
200011020
200011101
200011110
300010101
300010110
300011001
300011010
300011100
100101003
100101012
100101021
100101030
100110003
100110012
100110021
100110030
100111002
100111011
100111020
200101002
200101011
200101020
200110002
200110011
200110020
200111001
200111010
300101001
300101010
300110001
300110010
300111000
101110002
101110011
101110020
201010002
201010011
201010020
201100002
201100011
201100020
201110001
201110010
301010001
301010010
301100001
301100010
301110000
210100002
210100011
210100020
211000002
211000011
211000020
211100001
211100010
310100001
310100010
311000001
311000010
311100000
401000001
401000010
410000001
410000010
411000000
11004
101004
110004
1010004
1100004
10100004
11000004
101000004
110000004
110040
1010040
1100040
10100040
11000040
101000040
110000040
12201
12210
102102
102111
102120
112101
112110
1101102
1101111
1101120
1111101
1111110
10101102
10101111
10101120
11001102
11001111
11001120
11101101
11101110
101001102
101001111
101001120
110001102
110001111
110001120
111001101
111001110
22101
22110
120102
120111
120120
121101
121110
122001
122010
122100
1020102
1020111
1020120
1021002
1021011
1021020
1021101
1021110
1120101
1120110
1121001
1121010
1121100
10110102
10110111
10110120
10111101
10111110
11010102
11010111
11010120
11011002
11011011
11011020
11011101
11011110
11110101
11110110
11111001
11111010
11111100
101010102
101010111
101010120
101011002
101011011
101011020
101011101
101011110
110010102
110010111
110010120
110011002
110011011
110011020
110011101
110011110
111010101
111010110
111011001
111011010
111011100
21201
21210
22200
221001
221010
1201002
1201011
1201020
1211001
1211010
1220001
1220010
1221000
10201002
10201011
10201020
10210002
10210011
10210020
10211001
10211010
11201001
11201010
11210001
11210010
11211000
101101002
101101011
101101020
101111001
101111010
110101002
110101011
110101020
110110002
110110011
110110020
110111001
110111010
111101001
111101010
111110001
111110010
111111000
212001
212010
222000
2210001
2210010
12010002
12010011
12010020
12110001
12110010
12200001
12200010
12210000
102010002
102010011
102010020
102100002
102100011
102100020
102110001
102110010
112010001
112010010
112100001
112100010
112110000
2120001
2120010
2220000
22100001
22100010
120100002
120100011
120100020
121100001
121100010
122000001
122000010
122100000
21200001
21200010
22200000
212000001
212000010
221000001
221000010
222000000
12300
13200
21300
23100
31200
32100
102201
102300
103101
103200
201201
201300
202101
202200
203100
301200
302100
1001202
1001301
1002102
1002201
1002300
1003101
1003200
2001201
2001300
2002101
2002200
2003100
3001200
3002100
10001202
10001301
10002102
10002201
10002300
10003101
10003200
20001201
20001300
20002101
20002200
20003100
30001200
30002100
100001202
100001301
100002102
100002201
100002300
100003101
100003200
200001201
200001300
200002101
200002200
200003100
300001200
300002100
2400
4200
104100
112200
113100
1011201
1011300
1012101
1012200
1013100
1101201
1101300
1102101
1102200
1103100
1111200
1112100
10101201
10101300
10102101
10102200
10103100
11001201
11001300
11002101
11002200
11003100
11101200
11102100
101001201
101001300
101002101
101002200
101003100
110001201
110001300
110002101
110002200
110003100
111001200
111002100
120201
120300
130101
130200
210201
210300
220101
220200
230100
310200
320100
1020201
1020300
1030101
1030200
2010201
2010300
2020101
2020200
2030100
3010200
3020100
10010202
10010301
10020102
10020201
10020300
10030101
10030200
20010201
20010300
20020101
20020200
20030100
30010200
30020100
100010202
100010301
100020102
100020201
100020300
100030101
100030200
200010201
200010300
200020101
200020200
200030100
300010200
300020100
20400
40200
121200
131100
140100
1040100
1120200
1130100
10110201
10110300
10120101
10120200
10130100
11010201
11010300
11020101
11020200
11030100
11110200
11120100
101010201
101010300
101020101
101020200
101030100
110010201
110010300
110020101
110020200
110030100
111010200
111020100
1200102
1200201
1200300
1300101
1300200
2100102
2100201
2100300
2200101
2200200
2300100
3100101
3100200
3200100
10200102
10200201
10200300
10300101
10300200
20100102
20100201
20100300
20200101
20200200
20300100
30100101
30100200
30200100
100100103
100100202
100100301
100200102
100200201
100200300
100300101
100300200
200100102
200100201
200100300
200200101
200200200
200300100
300100101
300100200
300200100
100401
200400
400101
400200
100410
101400
201210
110400
211200
401100
410100
1210101
1210200
1310100
1400100
10400100
11200101
11200200
11300100
101100102
101100201
101100300
101200101
101200200
101300100
110100102
110100201
110100300
110200101
110200200
110300100
111100101
111100200
111200100
12000102
12000201
12000300
13000101
13000200
21000102
21000201
21000300
22000101
22000200
23000100
31000101
31000200
32000100
102000102
102000201
102000300
103000101
103000200
201000102
201000201
201000300
202000101
202000200
203000100
301000101
301000200
302000100
1000401
2000400
4000101
4000200
1000410
1001211
1001310
1001400
2001210
1010400
2011200
2101101
2101200
2110101
2110200
2111100
3101100
3110100
4010100
4100100
12100101
12100200
13100100
14000100
104000100
112000101
112000200
113000100
120000102
120000201
120000300
130000101
130000200
210000102
210000201
210000300
220000101
220000200
230000100
310000101
310000200
320000100
10000401
20000400
40000101
40000200
10000410
10001211
10001310
10001400
20001210
10010400
10011201
10011300
20011200
10111200
20101101
20101200
20110101
20110200
20111100
30101100
30110100
21010101
21010200
21100101
21100200
21110100
31010100
31100100
40100100
41000100
121000101
121000200
131000100
140000100
100000401
200000400
400000101
400000200
100000410
100001211
100001310
100001400
200001210
100010400
100011201
100011300
200011200
100101102
100101201
100101300
100110102
100110201
100110300
100111101
100111200
200101101
200101200
200110101
200110200
200111100
300101100
300110100
101110101
101110200
201010101
201010200
201100101
201100200
201110100
301010100
301100100
210100101
210100200
211000101
211000200
211100100
310100100
311000100
401000100
410000100
1100400
10100400
11000400
101000400
110000400
102210
1011210
1101210
10101210
11001210
101001210
110001210
1021200
11011200
101011200
110011200
221100
1201101
1201200
1211100
1220100
10201101
10201200
10210101
10210200
10211100
11201100
11210100
101101101
101101200
101111100
110101101
110101200
110110101
110110200
110111100
111101100
111110100
212100
2210100
12010101
12010200
12110100
12200100
102010101
102010200
102100101
102100200
102110100
112010100
112100100
2120100
22100100
120100101
120100200
121100100
122000100
21200100
212000100
221000100
123000
132000
213000
231000
312000
321000
1022001
1023000
1031001
1032000
2012001
2013000
2021001
2022000
2031000
3012000
3021000
10012002
10013001
10021002
10022001
10023000
10031001
10032000
20012001
20013000
20021001
20022000
20031000
30012000
30021000
100012002
100013001
100021002
100022001
100023000
100031001
100032000
200012001
200013000
200021001
200022000
200031000
300012000
300021000
24000
42000
1041000
1122000
1131000
10112001
10113000
10121001
10122000
10131000
11012001
11013000
11021001
11022000
11031000
11112000
11121000
101012001
101013000
101021001
101022000
101031000
110012001
110013000
110021001
110022000
110031000
111012000
111021000
1202001
1203000
1301001
1302000
2102001
2103000
2201001
2202000
2301000
3102000
3201000
10202001
10203000
10301001
10302000
20102001
20103000
20201001
20202000
20301000
30102000
30201000
100102002
100103001
100201002
100202001
100203000
100301001
100302000
200102001
200103000
200201001
200202000
200301000
300102000
300201000
204000
402000
103110
202110
1212000
1311000
1401000
10401000
11202000
11301000
101102001
101103000
101201001
101202000
101301000
110102001
110103000
110201001
110202000
110301000
111102000
111201000
12001002
12002001
12003000
13001001
13002000
21001002
21002001
21003000
22001001
22002000
23001000
31001001
31002000
32001000
102001002
102002001
102003000
103001001
103002000
201001002
201002001
201003000
202001001
202002000
203001000
301001001
301002000
302001000
1001004
1004001
2004000
4001001
4002000
1002111
1003110
2002110
1004010
1004100
1014000
2012100
1104000
2112000
4011000
4101000
12101001
12102000
13101000
14001000
104001000
112001001
112002000
113001000
120001002
120002001
120003000
130001001
130002000
210001002
210002001
210003000
220001001
220002000
230001000
310001001
310002000
320001000
10001004
10004001
20004000
40001001
40002000
10002111
10003110
20002110
10004010
10004100
10012101
10013100
10014000
20012100
10104000
20112000
21011001
21012000
21101001
21102000
21111000
31011000
31101000
40101000
41001000
121001001
121002000
131001000
140001000
100001004
100004001
200004000
400001001
400002000
100002111
100003110
200002110
100004010
100004100
100012101
100013100
100014000
200012100
100104000
100112001
100113000
200112000
101112000
201011001
201012000
201101001
201102000
201111000
301011000
301101000
210101001
210102000
211001001
211002000
211101000
310101000
311001000
401001000
410001000
11004000
101004000
110004000
1012110
1102110
10102110
11002110
101002110
110002110
1022100
10112100
11012100
101012100
110012100
10212000
110112000
2211000
12011001
12012000
12111000
12201000
102011001
102012000
102101001
102102000
102111000
112011000
112101000
2121000
22101000
120101001
120102000
121101000
122001000
21201000
212001000
221001000
1230000
1320000
2130000
2310000
3120000
3210000
10220001
10230000
10310001
10320000
20120001
20130000
20210001
20220000
20310000
30120000
30210000
100120002
100130001
100210002
100220001
100230000
100310001
100320000
200120001
200130000
200210001
200220000
200310000
300120000
300210000
240000
420000
130110
220110
10410000
11220000
11310000
101120001
101130000
101210001
101220000
101310000
110120001
110130000
110210001
110220000
110310000
111120000
111210000
12020001
12030000
13010001
13020000
21020001
21030000
22010001
22020000
23010000
31020000
32010000
102020001
102030000
103010001
103020000
201020001
201030000
202010001
202020000
203010000
301020000
302010000
2040000
4020000
1030110
2020110
1031010
1031100
2021010
2021100
12120000
13110000
14010000
104010000
112020000
113010000
120010002
120020001
120030000
130010001
130020000
210010002
210020001
210030000
220010001
220020000
230010000
310010001
310020000
320010000
10010004
10040001
20040000
40010001
40020000
10020111
10030110
20020110
10021011
10021101
10021110
10031010
10031100
20021010
20021100
10040100
10041000
10140000
20121000
11040000
21120000
40110000
41010000
121010001
121020000
131010000
140010000
100010004
100040001
200040000
400010001
400020000
100020111
100030110
200020110
100021011
100021101
100021110
100031010
100031100
200021010
200021100
100040100
100041000
100121001
100131000
100140000
200121000
101040000
201120000
210110001
210120000
211010001
211020000
211110000
310110000
311010000
401010000
410010000
110040000
10120110
11020110
101020110
110020110
10121010
10121100
11021010
11021100
101021010
101021100
110021010
110021100
10221000
101121000
110121000
102120000
22110000
120110001
120120000
121110000
122010000
21210000
212010000
221010000
12300000
13200000
21300000
23100000
31200000
32100000
102200001
102300000
103100001
103200000
201200001
201300000
202100001
202200000
203100000
301200000
302100000
2400000
4200000
1200111
1300110
2100111
2200110
3100110
1201110
1301010
1301100
2101110
2201010
2201100
104100000
112200000
113100000
120200001
120300000
130100001
130200000
210200001
210300000
220100001
220200000
230100000
310200000
320100000
20400000
40200000
10200111
10300110
20100111
20200110
30100110
10201110
10301010
10301100
20101110
20201010
20201100
10310100
10311000
20210100
20211000
121200000
131100000
140100000
100100004
100400001
200400000
400100001
400200000
100100112
100200111
100300110
200100111
200200110
300100110
100101111
100201011
100201101
100201110
100301010
100301100
200101110
200201010
200201100
100210101
100211001
100211100
100310100
100311000
200210100
200211000
100401000
100410000
101400000
201210000
110400000
211200000
401100000
410100000
400110
210210
1210110
11200110
101100111
101200110
110100111
110200110
111100110
101101110
101201010
101201100
110101110
110201010
110201100
101210100
101211000
110210100
110211000
102210000
212100000
221100000
123000000
132000000
213000000
231000000
312000000
321000000
24000000
42000000
12000111
13000110
21000111
22000110
31000110
12001011
12001101
12001110
13001010
13001100
21001011
21001101
21001110
22001010
22001100
31001010
31001100
12011100
13010100
13011000
21011100
22010100
22011000
204000000
402000000
102000111
103000110
201000111
202000110
301000110
102001011
102001101
102001110
103001010
103001100
201001011
201001101
201001110
202001010
202001100
301001010
301001100
102011100
103010100
103011000
201011100
202010100
202011000
103101000
103110000
202101000
202110000
4000110
4001010
4001100
1001220
2010210
2110110
12100110
112000110
1002210
2012010
2102010
2102100
12101010
12101100
112001010
112001100
1002120
240000000
420000000
120000111
130000110
210000111
220000110
310000110
120001011
120001101
120001110
130001010
130001100
210001011
210001101
210001110
220001010
220001100
310001010
310001100
120010101
120011001
120011100
130010100
130011000
210010101
210011001
210011100
220010100
220011000
310010100
310011000
120111000
130101000
130110000
210111000
220101000
220110000
40000110
40001010
40001100
40010100
40011000
10001220
10010211
10011210
20010210
20110110
21010110
21100110
121000110
10002210
10012011
10012110
10012200
20012010
10112010
20102010
20102100
21011010
21101010
21101100
121001010
121001100
10002120
10022100
20120100
21020100
21021000
121010100
121011000
10021200
400000110
400001010
400001100
400010100
400011000
400101000
400110000
100001220
100010211
100011210
200010210
100110111
100111110
200110110
101110110
201010110
201100110
210100110
211000110
100002210
100012011
100012110
100012200
200012010
100102011
100102101
100102110
100112010
100112100
200102010
200102100
201011010
201101010
201101100
210101010
210101100
211001010
211001100
100002120
100022100
100120101
100121100
100122000
200120100
101120100
201020100
201021000
210110100
211010100
211011000
100021200
100221000
201201000
210201000
210210000
100212000
120210
1020210
10110210
11010210
101010210
110010210
10210110
110110110
12010110
102010110
102100110
120100110
1022010
11012010
101012010
110012010
1202010
1202100
10202010
10202100
101102010
101102100
110102010
110102100
12011010
102011010
102101010
102101100
120101010
120101100
10220100
110120100
12020100
12021000
102020100
102021000
120110100
102201000
120201000
120210000
10010220
10010310
10020120
10020210
100010220
100010310
100020120
100020210
1200120
1200210
2100120
2100210
10200120
10200210
20100120
20100210
100100130
100100220
100100310
100200120
100200210
200100120
200100210
101100120
101100210
110100120
110100210
12000120
12000210
21000120
21000210
102000120
102000210
201000120
201000210
120000120
120000210
210000120
210000210
100101120
100101210
100110120
100110210
10012020
10013010
10021020
10022010
100012020
100013010
100021020
100022010
100102020
100103010
100201020
100202010
12001020
12002010
21001020
21002010
102001020
102002010
201001020
201002010
120001020
120002010
210001020
210002010
10220010
10310010
20120010
20210010
100120020
100130010
100210020
100220010
100310010
200120010
200210010
101120010
101210010
110120010
110210010
12020010
13010010
21020010
22010010
102020010
103010010
201020010
202010010
120010020
120020010
130010010
210010020
210020010
220010010
310010010
10010040
10040010
40010010
121010010
100010040
100040010
400010010
100121010
210110010
211010010
120110010
102200010
103100010
201200010
202100010
120200010
130100010
210200010
220100010
100100040
100400010
400100010
100100121
100210110
100211010
120010110
120011010
210010110
210011010
100120110
100102200
100103100
100201200
100202100
12001200
12002100
21001200
21002100
102001200
102002100
201001200
201002100
120001200
120002100
210001200
210002100
100120200
100130100
100210200
100220100
120010200
120020100
210010200
210020100
102200100
103100100
201200100
202100100
120200100
130100100
210200100
220100100
100100400
100400100
400100100
100100211
120012000
120021000
210012000
210021000
100120011
100210011
120010011
210010011